0.874332
0.934093
0.222744
0.251358
0.766402
0.796528
0.628113
0.772977
0.244976
0.354463
0.327785
0.499223
0.261108
0.991431
0.670374
0.210705
0.058365
0.848782
0.669288
0.618517
0.157735
0.716998
0.807761
0.342125
0.369340
0.248613
0.248468
0.803524
0.259941
0.131772
0.247630
0.134273
0.065865
0.470374
0.385631
0.832267
0.266902
0.013744
0.605244
0.511878
0.368207
0.933029
0.011101
0.629315
0.924461
0.681475
0.840020
0.982826
0.530257
0.509308
0.601342
0.687992
0.226306
0.409103
0.030117
0.595646
0.657717
0.278585
0.399169
0.917657
0.410357
0.646799
0.051930
0.476222
0.117173
0.437561
0.308489
0.384075
0.451306
0.913733
0.895953
0.819513
0.846762
0.907055
0.448827
0.771223
0.588530
0.288847
0.754049
0.118787
0.798154
0.355391
0.806779
0.024460
0.764494
0.836897
0.620106
0.422211
0.115482
0.019275
0.339868
0.525839
0.666074
0.391798
0.002061
0.783247
0.829360
0.310550
0.167323
0.280666
0.224283
0.063276
0.100178
0.071045
0.970331
0.549006
0.842268
0.558861
0.837853
0.596317
0.677648
0.636007
0.951708
0.484427
0.660467
0.716202
0.321324
0.280573
0.138413
0.436805
0.299848
0.478281
0.962644
0.965923
0.870079
0.964705
0.749170
0.699439
0.275255
0.916493
0.980105
0.499537
0.979769
0.080283
0.570582
0.950099
0.629289
0.412850
0.508960
0.467142
0.009167
0.186607
0.103149
0.960875
0.671034
0.763616
0.677076
0.992358
0.044189
0.815489
0.429163
0.344037
0.293770
0.391807
0.309960
0.163850
0.356512
0.059130
0.863289
0.631767
0.975623
0.843394
0.131304
0.955391
0.923677
0.701886
0.905490
0.552966
0.114736
0.414450
0.020108
0.123903
0.601058
0.123257
0.084778
0.272092
0.886873
0.761854
0.264450
0.931062
0.577343
0.693613
0.275099
0.871113
0.085420
0.585059
0.034963
0.441932
0.644189
0.898252
0.073699
0.619811
0.741646
0.205003
0.575203
0.665323
0.906888
0.480693
0.218289
0.021625
0.895143
0.238397
0.145528
0.496201
0.361654
0.230305
0.768293
0.248527
0.992160
0.032743
0.179588
0.569503
0.726356
0.454687
0.440616
0.811777
0.039746
0.475579
0.253709
0.683935
0.373831
0.327408
0.303746
0.115477
0.532410
0.878949
0.780800
0.439298
0.359642
0.999089
0.460923
0.254785
0.237486
0.606451
0.750986
0.599140
0.836756
0.519279
0.847667
0.828916
0.552022
0.027256
0.398419
0.278378
0.481943
0.839035
0.090155
0.521689
0.314614
0.343864
0.205624
0.688446
0.671271
0.509370
0.803923
0.203681
0.388319
0.584722
0.642980
0.747961
0.583811
0.103903
0.002746
0.821298
0.710354
0.753732
0.420438
0.547110
0.273012
0.268105
0.376026
0.825034
0.295361
0.774445
0.103412
0.777304
0.613480
0.193567
0.298993
0.928094
0.537431
0.504617
0.616540
0.208702
0.013987
0.420462
0.412383
0.402306
0.005185
0.055363
0.150267
0.588996
0.159266
0.153014
0.410294
0.869619
0.906746
0.830732
0.416729
0.179758
0.098838
0.792755
0.004791
0.394199
0.567200
0.108204
0.171503
0.180679
0.301771
0.470495
0.108773
0.839202
0.975112
0.725313
0.047904
0.989099
0.145775
0.460287
0.391405
0.150960
0.515650
0.541672
0.739956
0.674915
0.694685
0.150250
0.544535
0.601431
0.980982
0.961264
0.781189
0.079820
0.754019
0.785980
0.474018
0.321219
0.894184
0.645521
0.501898
0.195954
0.116016
0.610671
0.035156
0.091128
0.335984
0.083059
0.080227
0.481759
0.543346
0.471632
0.632719
0.058996
0.013304
0.372675
0.733911
0.707989
0.522925
0.278446
0.309421
0.503907
0.239710
0.090610
0.583727
0.993729
0.876590
0.057745
0.314948
0.770774
0.703266
0.816846
0.966728
0.819282
0.427517
0.001884
0.910411
0.763501
0.084944
0.990638
0.245260
0.628290
0.462270
0.877979
0.687286
0.475574
0.250654
0.421197
0.183564
0.773579
0.699643
0.492985
0.277486
0.939354
0.583594
0.861212
0.933083
0.460185
0.918957
0.248031
0.230959
0.622223
0.064877
0.197687
0.441506
0.492393
0.199571
0.351917
0.255894
0.284515
0.342555
0.501154
0.912805
0.804825
0.379133
0.600091
0.280400
0.629787
0.021289
0.463963
0.403366
0.720932
0.956948
0.680852
0.660286
0.540542
0.542064
0.593368
0.000727
0.461021
0.841399
0.231685
0.083245
0.906276
0.429372
0.524750
0.398669
0.628944
0.876667
0.654563
0.913459
0.219222
0.155717
0.826264
0.024048
0.534850
0.426356
0.304447
0.164637
0.447644
0.768411
0.568003
0.168576
0.725358
0.248855
0.828862
0.265901
0.790918
0.422230
0.266628
0.251940
0.263629
0.498313
0.335184
0.169905
0.927685
0.859935
0.568574
0.556629
0.736602
0.223137
0.470088
0.955824
0.378854
0.296352
0.979872
0.913705
0.722708
0.284319
0.078342
0.170352
0.052730
0.646345
0.338928
0.778088
0.895199
0.167790
0.043989
0.686118
0.590020
0.310617
0.938058
0.853649
0.808930
0.273242
0.023554
0.736615
0.133177
0.592128
0.293244
0.869779
0.815265
0.763332
0.825603
0.194119
0.059684
0.805475
0.107824
0.782391
0.089794
0.186166
0.952743
0.142524
0.832511
0.291671
0.920612
0.727710
0.459461
0.964601
0.413828
0.049480
0.275218
0.351886
0.903129
0.084147
0.625128
0.926683
0.820763
0.758304
0.518811
0.114007
0.628083
0.334076
0.877338
0.453686
0.528196
0.937022
0.259160
0.636020
0.719413
0.348954
0.822186
0.672156
0.491478
0.654696
0.963827
0.412090
0.382407
0.423288
0.376691
0.796235
0.472769
0.651909
0.148120
0.375898
0.736056
0.773248
0.302581
0.556819
0.531552
0.821392
0.670825
0.159635
0.155468
0.548163
0.613321
0.683664
0.485185
0.872481
0.319684
0.204599
0.221436
0.141869
0.876755
0.712914
0.796566
0.840583
0.125004
0.178972
0.263871
0.501694
0.975207
0.736639
0.153603
0.123327
0.112537
0.889659
0.896575
0.415118
0.446478
0.428127
0.236511
0.117303
0.587763
0.391979
0.665466
0.201083
0.075643
0.150651
0.073565
0.395327
0.355250
0.295001
0.537196
0.232005
0.007914
0.333762
0.072588
0.132918
0.512734
0.336459
0.634613
0.487941
0.073098
0.788216
0.611268
0.185636
0.677875
0.507843
0.600754
0.124352
0.935971
0.837265
0.241655
0.523733
0.229244
0.907120
0.724817
0.304887
0.057772
0.798382
0.700214
0.413022
0.093382
0.237410
0.645027
0.101297
0.571172
0.717615
0.234215
0.083906
0.054074
0.868827
0.571847
0.127172
0.657043
0.183115
0.312807
0.334917
0.690958
0.913561
0.459270
0.626929
0.750826
0.700924
0.150662
0.980070
0.608045
0.875479
0.284957
0.665816
0.673860
0.985170
0.078838
0.767243
0.222580
0.723865
0.868540
0.793752
0.441480
0.102754
0.877657
0.495553
0.971582
0.449504
0.622725
0.628625
0.632619
0.935533
0.963542
0.323577
0.849094
0.422812
0.950506
0.599920
0.123736
0.101168
0.579990
0.731780
0.976647
0.864947
0.397597
0.650507
0.850117
0.476434
0.417750
0.072697
0.200299
0.286290
0.866449
0.641779
0.389044
0.744106
0.137332
0.360626
0.193610
0.760058
0.989251
0.826229
0.695590
0.952793
0.149806
0.544685
0.375605
0.100312
0.144605
0.499340
0.201480
0.724595
0.231121
0.178127
0.589542
0.628717
0.828634
0.439659
0.105152
0.246385
0.512356
0.305451
0.532674
0.378805
0.947230
0.921719
0.122911
0.084563
0.282345
0.316521
0.844620
0.271595
0.142749
0.540211
0.224388
0.292555
0.084895
0.599993
0.392867
0.229500
0.099333
0.594347
0.954095
0.330454
0.772474
0.543637
0.959171
0.601108
0.983296
0.064323
0.847493
0.495652
0.369774
0.380168
0.874457
0.317004
0.301886
0.997368
0.401567
0.584231
0.313888
0.246187
0.855826
0.456638
0.786398
0.080215
0.749193
0.871293
0.680207
0.142060
0.100793
0.779540
0.736407
0.054888
0.109994
0.508881
0.598525
0.069166
0.109989
0.581821
0.133489
0.957482
0.077474
0.503263
0.337650
0.951931
0.820267
0.639536
0.949299
0.221834
0.223767
0.263187
0.468022
0.079593
0.719825
0.254419
0.159808
0.469018
0.125712
0.840015
0.611078
0.226505
0.619556
0.347484
0.281393
0.729550
0.856365
0.879918
0.798716
0.966354
0.461740
0.932204
0.923836
0.539213
0.435467
0.261485
0.491144
0.255735
0.901021
0.440443
0.477569
0.124788
0.703630
0.945591
0.204381
0.423455
0.200010
0.364189
0.892473
0.325722
0.204204
0.503551
0.552227
0.823760
0.851035
0.833621
0.553310
0.707400
0.713539
0.352025
0.673754
0.175278
0.284230
0.597589
0.714492
0.719697
0.859075
0.205636
0.975432
0.760096
0.646079
0.453001
0.884884
0.349709
0.398592
0.089266
0.773165
0.598602
0.453455
0.665638
0.924324
0.657659
0.169189
0.476552
0.481419
0.020224
0.310172
0.034728
0.727623
0.023711
0.386753
0.401377
0.198990
0.670983
0.998966
0.913481
0.390680
0.858041
0.119117
0.366112
0.618137
0.765196
0.819113
0.503022
0.114905
0.217705
0.592287
0.888070
0.816307
0.045742
0.553708
0.740632
0.703401
0.722896
0.217183
0.184820
0.743120
0.527356
0.219548
0.470743
0.551067
0.606301
0.872120
0.750057
0.277285
0.871087
0.663538
0.667965
0.729128
0.782656
0.034077
0.347265
0.547852
0.853190
0.850287
0.662757
0.070895
0.442574
0.550827
0.887202
0.488316
0.104535
0.627834
0.191717
0.827432
0.845017
0.376537
0.570552
0.372373
0.596084
0.041295
0.923440
0.202386
0.913415
0.673497
0.479670
0.784502
0.337036
0.147635
0.513630
0.119691
0.181712
0.860895
0.667543
0.034902
0.711182
0.330300
0.105797
0.153755
0.881127
0.992999
0.642071
0.985663
0.620832
0.833788
0.813094
0.465849
0.210325
0.383646
0.838222
0.806409
0.424941
0.761662
0.008795
0.338356
0.435159
0.488465
0.122858
0.772195
0.636101
0.636488
0.891886
0.817812
0.497383
0.559429
0.852714
0.208565
0.889729
0.958510
0.362320
0.770857
0.951509
0.004392
0.756519
0.572341
0.838180
0.569614
0.038190
0.048505
0.953259
0.876412
0.854914
0.378200
0.638074
0.863709
0.716556
0.073234
0.352174
0.839415
0.845429
0.988275
0.475903
0.737315
0.806087
0.973286
0.296744
0.658801
0.181851
0.186474
0.617311
0.544172
0.957331
0.568820
0.548563
0.713850
0.141162
0.386743
0.283464
0.179352
0.435248
0.236723
0.055764
0.290161
0.614923
0.693838
0.153870
0.331480
0.767072
0.506044
0.170895
0.612501
0.494319
0.646798
0.349816
0.300406
0.620084
0.646561
0.959207
0.801936
0.833035
0.576518
0.346107
0.790366
0.145339
0.894671
0.504216
0.286500
0.281414
0.787680
0.465852
0.716662
0.024403
0.521616
0.006823
0.639326
0.215455
0.160693
0.970806
0.982527
0.666737
0.141701
0.595028
0.161056
0.788499
0.944844
0.461462
0.408583
0.591405
0.420669
0.210519
0.424439
0.997187
0.556626
0.214805
0.142526
0.451297
0.719021
0.429027
0.732711
0.506700
0.894879
0.449373
0.531103
0.416495
0.456196
0.170429
0.631950
0.616889
0.141235
0.614476
0.283627
0.282936
0.209504
0.444683
0.071434
0.154348
0.906145
0.480017
0.745753
0.326815
0.690536
0.170192
0.324002
0.247162
0.384997
0.466528
0.698459
0.104018
0.895555
0.431170
0.610718
0.790434
0.880543
0.141821
0.206929
0.336739
0.312250
0.838879
0.953628
0.453485
0.453355
0.237254
0.736421
0.662859
0.681937
0.807855
0.817207
0.588083
0.287872
0.562959
0.914897
0.978408
0.733151
0.238899
0.225570
0.118148
0.705428
0.924029
0.222166
0.600983
0.355198
0.832884
0.391417
0.235741
0.974705
0.598346
0.572480
0.286955
0.437224
0.526107
0.740440
0.890579
0.763362
0.476861
0.553438
0.445299
0.284716
0.370645
0.033382
0.572588
0.933604
0.948279
0.550996
0.666755
0.187179
0.776566
0.784904
0.892606
0.700595
0.007070
0.493589
0.055793
0.839954
0.885006
0.291534
0.814659
0.483352
0.864014
0.101614
0.920576
0.390121
0.842054
0.811155
0.153483
0.318914
0.364593
0.598782
0.603630
0.735238
0.632164
0.176218
0.668842
0.580444
0.727214
0.335598
0.767622
0.503780
0.120501
0.660229
0.204375
0.127571
0.153818
0.260168
0.967525
0.038824
0.551702
0.782184
0.522176
0.415716
0.883798
0.442752
0.805838
0.725851
0.253907
0.959321
0.044765
0.618501
0.558103
0.648395
0.353739
0.190267
0.824613
0.022581
0.770710
0.551827
0.358179
0.538333
0.055608
0.478680
0.198561
0.259983
0.606251
0.352379
0.520151
0.573776
0.391203
0.071853
0.355960
0.913379
0.487570
0.239758
0.356131
0.293407
0.965609
0.610039
0.252728
0.010374
0.228539
0.810831
0.658770
0.582278
0.001097
0.483383
0.604860
0.771808
0.035211
0.963038
0.310140
0.090818
0.441718
0.508702
0.350801
0.047969
0.861081
0.870951
0.621746
0.252284
0.942805
0.977706
0.165663
0.430374
0.217464
0.521795
0.723782
0.183073
0.131833
0.976510
0.193447
0.360373
0.787340
0.852217
0.942651
0.788437
0.335600
0.547511
0.560245
0.370811
0.510549
0.870386
0.461629
0.952267
0.379087
0.812430
0.000236
0.240168
0.683381
0.621982
0.492453
0.626186
0.599688
0.658116
0.056560
0.817152
0.179911
0.780342
0.000225
0.311744
0.756852
0.193672
0.672117
0.544192
0.045890
0.614768
0.332629
0.381490
0.162278
0.892875
0.752301
0.672827
0.763260
0.213930
0.625094
0.142348
0.026360
0.625330
0.382516
0.709741
0.247312
0.874969
0.335927
0.847000
0.533085
0.392488
0.664152
0.712996
0.172830
0.664377
0.024740
0.929682
0.858049
0.696856
0.473873
0.903939
0.311624
0.806503
0.285429
0.473902
0.699377
0.037730
0.146729
0.462637
0.251660
0.771822
0.604985
0.278020
0.397152
0.987501
0.987761
0.644464
0.862470
0.323689
0.491464
0.395555
0.716177
0.155616
0.108551
0.889007
0.819992
0.133290
0.818688
0.678042
0.830147
0.292561
0.581981
0.141770
0.099064
0.867410
0.615672
0.798441
0.905140
0.762401
0.261078
0.156800
0.534223
0.866063
0.434820
0.931375
0.853565
0.422581
0.575839
0.716035
0.746270
0.067303
0.111590
0.462447
0.222918
0.220141
0.351453
0.042911
0.353431
0.170141
0.720952
0.183578
0.462703
0.302933
0.325348
0.561767
0.170343
0.941020
0.360208
0.075483
0.703420
0.621286
0.232283
0.237643
0.487350
0.667103
0.169018
0.340914
0.089684
0.744857
0.056949
0.835954
0.812160
0.168539
0.298400
0.035078
0.388680
0.649854
0.077989
0.742111
0.819995
0.798941
0.925688
0.282698
0.101874
0.251036
0.844464
0.272217
0.192056
0.204672
0.347700
0.895476
0.825958
0.579982
0.133119
0.313308
0.247085
0.302137
0.654222
0.336769
0.046994
0.711171
0.172723
0.859154
0.879709
0.471123
0.894232
0.268389
0.120977
0.972221
0.010500
0.940972
0.771162
0.936188
0.223669
0.873036
0.187224
0.068133
0.145253
0.379280
0.272805
0.492953
0.274757
0.098763
0.072935
0.407876
0.412071
0.320020
0.710014
0.066293
0.656789
0.757008
0.777463
0.829511
0.616162
0.657173
0.300634
0.510394
0.925562
0.421611
0.482614
0.936062
0.362582
0.253776
0.872250
0.586252
0.126812
0.059474
0.654385
0.272065
0.438754
0.927190
0.765018
0.713511
0.025954
0.837953
0.121387
0.438025
0.157973
0.831401
0.504318
0.814762
0.588409
0.281781
0.644273
0.204571
0.938954
0.944907
0.714964
0.864516
0.366518
0.197578
0.800577
0.729101
0.451354
0.672827
0.315352
0.578166
0.732301
0.969738
0.850231
0.171055
0.896928
0.615249
0.884566
0.922882
0.453202
0.005953
0.360906
0.611175
0.837354
0.865224
0.425937
0.425763
0.147005
0.070210
0.630333
0.085959
0.015118
0.345298
0.950474
0.381636
0.542876
0.751051
0.110737
0.994230
0.423878
0.426090
0.572397
0.156179
0.395827
0.422628
0.327234
0.292755
0.037877
0.211800
0.215637
0.491079
0.217754
0.576543
0.102254
0.055108
0.441767
0.528192
0.480871
0.588772
0.598402
0.111204
0.674731
0.613520
0.456501
0.625205
0.995156
0.999377
0.376256
0.105894
0.993608
0.800134
0.531983
0.566004
0.956313
0.927811
0.988632
0.283548
0.220566
0.026509
0.495348
0.436203
0.517588
0.713102
0.012746
0.619842
0.768210
0.454513
0.148034
0.249080
0.043285
0.746436
0.360284
0.718016
0.359956
0.816785
0.343221
0.355113
0.816163
0.719477
0.461006
0.809770
0.519611
0.992990
0.375775
0.475925
0.920800
0.364407
0.759472
0.141366
0.390916
0.254820
0.577569
0.908504
0.967922
0.590314
0.528346
0.736132
0.044828
0.676381
0.985212
0.088113
0.422817
0.345496
0.806129
0.782773
0.162281
0.149349
0.137886
0.978444
0.868826
0.598892
0.788214
0.388437
0.591882
0.163989
0.864361
0.512682
0.528396
0.623834
0.654048
0.919312
0.878654
0.231617
0.827816
0.846576
0.821931
0.356162
0.582708
0.866759
0.032543
0.567920
0.954872
0.455359
0.913416
0.761000
0.238133
0.075697
0.910349
0.376018
0.054141
0.779175
0.974911
0.842355
0.167612
0.566793
0.006344
0.031973
0.079475
0.534741
0.655807
0.733523
0.454053
0.534461
0.965140
0.281868
0.381037
0.787071
0.638031
0.963745
0.653830
0.670573
0.531666
0.608702
0.125933
0.445082
0.369702
0.364065
0.520779
0.280051
0.740084
0.574920
0.059226
0.714994
0.417275
0.226837
0.281787
0.423620
0.258811
0.361262
0.958360
0.914617
0.094785
0.412413
0.449078
0.059925
0.694281
0.830116
0.846996
0.332312
0.793861
0.500826
0.002885
0.325527
0.109528
0.128817
0.770608
0.479230
0.492883
0.291387
0.759281
0.232967
0.866307
0.818507
0.947961
0.283582
0.045344
0.229748
0.707202
0.304155
0.591010
0.665562
0.218772
0.685795
0.077974
0.667850
0.745720
0.772255
0.497966
0.592716
0.104567
0.291827
0.093542
0.107451
0.617354
0.203070
0.236269
0.387962
0.682300
0.729152
0.679349
0.441581
0.962118
0.545656
0.260087
0.910079
0.829238
0.305432
0.139828
0.536439
0.609586
0.730837
0.202001
0.828358
0.416632
0.279975
0.496209
0.162352
0.052231
0.994175
0.755068
0.156797
0.286002
0.848610
0.264249
0.903355
0.051680
0.500518
0.291317
0.733980
0.229670
0.970666
0.175561
0.191788
0.516322
0.435648
0.101867
0.345560
0.741080
0.241695
0.881999
0.350666
0.972533
0.084000
0.179024
0.389165
0.363976
0.675233
0.551517
0.416206
0.669407
0.306584
0.573004
0.955409
0.155194
0.837252
0.858764
0.206874
0.337770
0.150082
0.940853
0.567440
0.120748
0.116414
0.759228
0.637070
0.552062
0.861095
0.982630
0.293142
0.102790
0.864629
0.643807
0.075322
0.948630
0.822831
0.464487
0.312605
0.498064
0.016004
0.728812
0.167472
0.322588
0.301815
0.122881
0.477782
0.139067
0.981645
0.684655
0.476837
0.131727
0.625509
0.044277
0.252475
0.741923
0.803505
0.889545
0.293985
0.664600
0.872174
0.587126
0.767390
0.736804
0.230933
0.842712
0.685433
0.053765
0.307199
0.998038
0.551829
0.323203
0.726850
0.719301
0.645791
0.028665
0.842181
0.123573
0.167732
0.823826
0.808229
0.644570
0.955553
0.433737
0.688847
0.208028
0.175660
0.492352
0.097572
0.469645
0.156951
0.969747
0.056771
0.924341
0.706550
0.287704
0.767053
0.391984
0.341469
0.074252
0.390022
0.893298
0.397456
0.116872
0.612599
0.043247
0.145537
0.454780
0.166820
0.313270
0.278606
0.975048
0.957839
0.234160
0.408786
0.646686
0.442187
0.584446
0.139038
0.539760
0.054091
0.295989
0.509507
0.110861
0.220330
0.216057
0.398566
0.987382
0.608041
0.740035
0.061635
0.998063
0.633333
0.459090
0.114935
0.245932
0.502337
0.260472
0.700712
0.669157
0.573742
0.979318
0.644206
0.531581
0.213478
0.052991
0.178267
0.655665
0.637437
0.317305
0.195425
0.691528
0.613294
0.704931
0.802389
0.833623
0.920988
0.200955
0.821006
0.529029
0.940990
0.882641
0.527092
0.574323
0.341731
0.642027
0.820254
0.844068
0.902499
0.520966
0.513225
0.476240
0.500284
0.157430
0.007821
0.713762
0.210422
0.186089
0.369427
0.847859
0.503393
0.564852
0.539387
0.116687
0.269784
0.341776
0.950310
0.190772
0.542730
0.771316
0.719801
0.483720
0.653957
0.246893
0.058043
0.995688
0.888920
0.878297
0.839755
0.791419
0.399263
0.352980
0.267659
0.899548
0.510411
0.275480
0.613310
0.720832
0.461569
0.982737
0.568691
0.964962
0.547589
0.108078
0.081649
0.817373
0.449853
0.031960
0.008145
0.992584
0.803276
0.727946
0.476304
0.457233
0.974839
0.534346
0.452920
0.863759
0.412643
0.292676
0.655178
0.811907
0.645656
0.922837
0.711454
0.156067
0.198317
0.324764
0.876900
0.659886
0.307501
0.445591
0.624849
0.855091
0.553669
0.706498
0.672464
0.003522
0.738458
0.680609
0.996106
0.541734
0.408556
0.472409
0.998967
0.383395
0.006756
0.451888
0.247154
0.419399
0.744564
0.902332
0.231306
0.390220
0.825169
0.942760
0.546287
0.023487
0.267524
0.423186
0.683373
0.575025
0.868777
0.308222
0.430116
0.422446
0.014721
0.102580
0.425968
0.753179
0.783190
0.422074
0.294913
0.191745
0.894484
0.293880
0.575141
0.901239
0.745768
0.822295
0.320638
0.490331
0.724627
0.551944
0.880551
0.549797
0.494704
0.426838
0.573284
0.762228
0.850025
0.256657
0.337253
0.718802
0.564879
0.767370
0.141248
0.579600
0.869950
0.567217
0.332779
0.653140
0.989291
0.627692
0.844885
0.883774
0.921572
0.420026
0.785014
0.667340
0.242321
0.105652
0.157671
0.966949
0.657596
0.038223
0.516746
0.152300
0.465061
0.090030
0.914528
0.315085
0.346687
0.251781
0.033887
0.911566
0.019151
0.175135
0.491166
0.889101
0.742352
0.823944
0.542241
0.731643
0.451636
0.387126
0.615417
0.373208
0.807153
0.400431
0.040548
0.049474
0.506083
0.198219
0.016423
0.163679
0.236442
0.533168
0.315979
0.701503
0.623198
0.230506
0.016588
0.969885
0.482287
0.050475
0.881451
0.501438
0.225611
0.372616
0.390539
0.967963
0.196561
0.932780
0.699605
0.648197
0.319906
0.315022
0.021405
0.127059
0.715453
0.061953
0.176533
0.221536
0.260172
0.192956
0.385215
0.496614
0.726124
0.701194
0.198116
0.349322
0.931700
0.214704
0.319207
0.413987
0.265179
0.200657
0.915425
0.490790
0.573274
0.305964
0.458753
0.769835
0.238744
0.158358
0.418031
0.558651
0.473380
0.439436
0.685710
0.188833
0.501389
0.862243
0.410369
0.761561
0.055198
0.795584
0.258175
0.781323
0.496777
0.456291
0.130645
0.428477
0.670995
0.449852
0.842464
0.936174
0.650509
0.757889
0.426964
0.223783
0.063854
0.885717
0.993618
0.302598
0.044075
0.411649
0.861248
0.517455
0.851085
0.546958
0.706288
0.352474
0.409201
0.116657
0.114035
0.464399
0.912241
0.372209
0.245722
0.409018
0.828500
0.376367
0.837495
0.499495
0.826218
0.679959
0.435669
0.476727
0.437849
0.862634
0.700510
0.501703
0.748351
0.694128
0.804300
0.792425
0.105777
0.665549
0.309880
0.956862
0.212507
0.016168
0.309335
0.621707
0.132824
0.423370
0.086107
0.045065
0.795579
0.331828
0.454083
0.624079
0.708195
0.291578
0.123574
0.534413
0.971538
0.559244
0.011141
0.409387
0.421878
0.711651
0.911089
0.170228
0.405779
0.715390
0.962653
0.511556
0.380938
0.272533
0.468418
0.593445
0.288701
0.777753
0.215153
0.421525
0.201123
0.301259
0.466590
0.996702
0.633088
0.920673
0.620782
0.341283
0.212251
0.744356
0.875696
0.183789
0.303600
0.886837
0.593175
0.725477
0.598488
0.504265
0.895705
0.004267
0.219654
0.858358
0.515823
0.600593
0.130891
0.984241
0.194038
0.419592
0.761994
0.409190
0.841117
0.963117
0.710450
0.307707
0.959820
0.343538
0.228380
0.580601
0.684820
0.440631
0.324957
0.560516
0.624420
0.628557
0.447353
0.217595
0.354034
0.045841
0.721860
0.249739
0.050108
0.941514
0.108097
0.565931
0.542107
0.238989
0.550172
0.736145
0.658581
0.312166
0.145335
0.499698
0.275283
0.855785
0.807405
0.235103
0.199322
0.035785
0.815704
0.884143
0.476416
0.140661
0.444659
0.100836
0.769218
0.892012
0.318432
0.123251
0.937852
0.040292
0.372990
0.987960
0.981806
0.481087
0.553891
0.523913
0.720076
0.104062
0.260057
0.378657
0.416228
0.405392
0.878354
0.691511
0.261177
0.685759
0.926614
0.460500
0.721544
0.742318
0.344643
0.197960
0.882979
0.789301
0.298796
0.652197
0.681313
0.617227
0.775448
0.619165
0.657519
0.148438
0.607125
0.639325
0.629526
0.161016
0.163238
0.349602
0.265078
0.423295
0.728258
0.681306
0.828688
0.606613
0.372817
0.089865
0.292372
0.299431
0.550365
0.013916
0.041748
0.895007
0.211875
0.924727
0.684309
0.510671
0.576924
0.365622
0.127899
0.352372
0.984787
0.785418
0.500810
0.591912
0.424743
0.130336
0.752928
0.587980
0.479938
0.018006
0.011275
0.208196
0.699313
0.839963
0.814809
0.072130
0.929828
0.107181
0.371560
0.480193
0.121096
0.413309
0.375200
0.332972
0.338036
0.059509
0.843643
0.914960
0.425130
0.971542
0.267332
0.409917
0.756960
0.768142
0.001830
0.181702
0.898478
0.754758
0.769683
0.378416
0.772764
0.780958
0.586612
0.472077
0.620921
0.401421
0.544207
0.550749
0.508602
0.915767
0.030941
0.629698
0.329076
0.406141
0.962670
0.667112
0.465650
0.806313
0.582072
0.890780
0.777855
0.849404
0.300698
0.534815
0.617546
0.302527
0.716517
0.516024
0.057285
0.486200
0.894440
0.830050
0.267157
0.481053
0.302127
0.888078
0.882474
0.846333
0.438827
0.391076
0.762101
0.469768
0.020774
0.091177
0.875909
0.983444
0.758289
0.341559
0.789757
0.340361
0.232339
0.567612
0.189765
0.533037
0.102427
0.807311
0.835564
0.818944
0.323335
0.892849
0.305144
0.217776
0.722899
0.572301
0.698828
0.025025
0.460379
0.581302
0.871358
0.899206
0.972378
0.633459
0.368975
0.993151
0.724636
0.244884
0.976595
0.482925
0.586443
0.766352
0.823286
0.818782
0.333965
0.013051
0.351819
0.436392
0.820362
0.187383
0.255336
0.143697
0.080232
0.560480
0.361473
0.803131
0.132781
0.060301
0.828156
0.593161
0.641603
0.699514
0.492367
0.613980
0.332973
0.861342
0.607132
0.057609
0.106225
0.583727
0.540534
0.692668
0.350080
0.363819
0.511451
0.684044
0.376870
0.863270
0.120436
0.197231
0.050653
0.375773
0.340928
0.130885
0.936252
0.702401
0.934016
0.069034
0.762702
0.762172
0.662194
0.404305
0.461686
0.154561
0.018286
0.794659
0.015903
0.625417
0.852268
0.122128
0.209145
0.392802
0.814797
0.559224
0.756621
0.326247
0.243269
0.133491
0.189517
0.363705
0.330722
0.240170
0.739478
0.671651
0.371055
0.675730
0.374052
0.305070
0.744764
0.136754
0.067242
0.406958
0.541059
0.528928
0.561519
0.559344
0.323587
0.577422
0.184762
0.175856
0.699550
0.393906
0.568658
0.514346
0.953130
0.325279
0.840594
0.196399
0.458770
0.030110
0.560104
0.789492
0.270280
0.299581
0.461143
0.641335
0.975311
0.835194
0.946405
0.720075
0.971948
0.013647
0.127033
0.513007
0.542576
0.688552
0.072352
0.866163
0.265974
0.257113
0.042019
0.965524
0.651020
0.610677
0.479870
0.604150
0.935956
0.320464
0.800549
0.394726
0.350574
0.360653
0.184218
0.620854
0.660235
0.645361
0.262189
0.635546
0.480555
0.208595
0.355621
0.452503
0.222242
0.482654
0.965511
0.764818
0.171206
0.037862
0.630981
0.437180
0.294975
0.672999
0.402704
0.945995
0.283676
0.882574
0.550146
0.219632
0.203038
0.350695
0.614358
0.553612
0.711348
0.798576
0.174467
0.371583
0.443936
0.436656
0.007129
0.924492
0.645251
0.362750
0.376995
0.867493
0.845404
0.342506
0.632311
0.016611
0.380368
0.263291
0.453791
0.675343
0.936291
0.856495
0.621339
0.219967
0.739069
0.171484
0.439599
0.942107
0.522179
0.053956
0.495720
0.233527
0.852532
0.670187
0.605110
0.296468
0.106843
0.612239
0.220960
0.752094
0.974989
0.597955
0.619587
0.820393
0.940461
0.251898
0.837004
0.320829
0.515189
0.290794
0.996172
0.451480
0.147289
0.617510
0.671447
0.886358
0.788995
0.111046
0.828465
0.311173
0.165002
0.324184
0.544701
0.017534
0.994371
0.149810
0.314002
0.101214
0.762049
0.534962
0.853308
0.737038
0.132917
0.472895
0.557431
0.073378
0.724793
0.394434
0.394206
0.239983
0.685228
0.390378
0.691463
0.832517
0.007889
0.362910
0.718875
0.796883
0.473956
0.547340
0.108057
0.638957
0.871525
0.652757
0.656491
0.865896
0.802568
0.970493
0.967109
0.564617
0.505455
0.820417
0.301654
0.638372
0.293312
0.859085
0.711750
0.018105
0.253519
0.105957
0.258088
0.938747
0.496335
0.949551
0.771264
0.504224
0.312461
0.490140
0.301107
0.786416
0.037480
0.409164
0.425373
0.909004
0.061922
0.081865
0.774900
0.864489
0.052358
0.742009
0.429106
0.557813
0.562426
0.730760
0.196186
0.855739
0.589845
0.907936
0.873844
0.843363
0.013892
0.131932
0.782110
0.510227
0.081483
0.553375
0.014451
0.393943
0.043514
0.315559
0.180359
0.080994
0.724723
0.605733
0.989998
0.786644
0.687598
0.764898
0.651134
0.739956
0.506907
0.080239
0.297769
0.069333
0.810999
0.493954
0.925072
0.400844
0.401890
0.798916
0.244207
0.415783
0.930848
0.026318
0.926010
0.012331
0.579693
0.940461
0.406274
0.623207
0.256020
0.586634
0.704201
0.980743
0.192367
0.694199
0.767387
0.879964
0.459097
0.418521
0.619920
0.966004
0.498760
0.917689
0.035337
0.309759
0.411643
0.960408
0.710603
0.813533
0.759324
0.954811
0.229316
0.690173
0.981129
0.155326
0.702504
0.560821
0.095788
0.108778
0.184028
0.351808
0.695412
0.888229
0.332550
0.887779
0.582428
0.099937
0.767743
0.041525
0.518458
0.387663
0.007529
0.017218
0.305352
0.042865
0.326978
0.716995
0.003274
0.037581
0.530528
0.762598
0.992392
0.759845
0.452771
0.973520
0.915171
0.155275
0.534341
0.010959
0.264053
0.718369
0.362766
0.959465
0.606599
0.695317
0.847243
0.189027
0.795254
0.614986
0.230552
0.313712
0.002649
0.238081
0.330930
0.308000
0.280946
0.657908
0.024995
0.284220
0.695489
0.555524
0.046819
0.687881
0.315368
0.499590
0.661401
0.230539
0.654864
0.195742
0.241498
0.918917
0.914112
0.604264
0.878381
0.520710
0.299580
0.725625
0.709737
0.094835
0.340611
0.940290
0.408547
0.343260
0.178371
0.739477
0.651260
0.459317
0.397385
0.676256
0.743537
0.092874
0.231779
0.790356
0.780755
0.547147
0.289946
0.442155
0.777686
0.944810
0.637898
0.019184
0.863727
0.552009
0.623448
0.742108
0.072719
0.923028
0.467733
0.782457
0.017863
0.808344
0.722746
0.426409
0.151603
0.901117
0.165887
0.802864
0.360434
0.563272
0.479119
0.103972
0.656146
0.710898
0.894328
0.436900
0.258046
0.184273
0.879056
0.035732
0.129083
0.516953
0.054915
0.992810
0.068963
0.678363
0.734918
0.141682
0.601391
0.202651
0.924139
0.619254
0.010995
0.646885
0.045663
0.162598
0.548002
0.211550
0.965462
0.908437
0.774821
0.444581
0.012408
0.430967
0.155479
0.906736
0.867868
0.413525
0.091009
0.746923
0.449257
0.220092
0.263877
0.504172
0.212902
0.332839
0.182535
0.947820
0.474521
0.783926
0.150471
0.398660
0.403180
0.161466
0.045546
0.448843
0.324064
0.593548
0.660392
0.289525
0.501985
0.435214
0.734106
0.514393
0.866181
0.889586
0.421129
0.734049
0.303110
0.512138
0.480972
0.752367
0.732230
0.744849
0.256539
0.945132
0.077688
0.439074
0.892952
0.552209
0.223000
0.043423
0.950869
0.626180
0.204889
0.996415
0.075023
0.528952
0.589963
0.735415
0.818478
0.091948
0.170629
0.552584
0.606341
0.036810
0.442170
0.027469
0.770858
0.745280
0.539607
0.251830
0.497647
0.271837
0.996679
0.754186
0.216969
0.074367
0.193260
0.109921
0.626576
0.416260
0.153345
0.577445
0.042440
0.358233
0.573860
0.117463
0.887186
0.163823
0.852878
0.705664
0.255771
0.023507
0.258248
0.862111
0.060316
0.700417
0.889580
0.831175
0.445697
0.429187
0.083005
0.943344
0.701025
0.079684
0.697530
0.917994
0.154051
0.890790
0.027915
0.780627
0.307050
0.181260
0.358072
0.349490
0.539493
0.931932
0.466953
0.426679
0.095755
0.319831
0.132343
0.351525
0.343337
0.390590
0.213637
0.403653
0.091008
0.103217
0.234828
0.536705
0.532404
0.317833
0.480049
0.233429
0.397517
0.177579
0.151423
0.551568
0.068369
0.179338
0.332194
0.375420
0.360598
0.690266
0.724910
0.900091
0.622198
0.191863
0.326770
0.717953
0.511693
0.459113
0.069478
0.855030
0.849703
0.283115
0.258684
0.940710
0.386332
0.493512
0.477415
0.918736
0.811345
0.957465
0.152165
0.208862
0.135044
0.303587
0.760430
0.203413
0.482925
0.092624
0.578833
0.843523
0.782890
0.303743
0.743613
0.405088
0.495605
0.070383
0.123041
0.007298
0.529496
0.192519
0.862329
0.379199
0.475634
0.121013
0.319909
0.861966
0.614525
0.797324
0.780702
0.425870
0.754789
0.932866
0.634732
0.889833
0.236453
0.395162
0.093246
0.719378
0.487786
0.672079
0.562901
0.270676
0.975821
0.306514
0.675764
0.471427
0.376898
0.798805
0.478725
0.906393
0.991325
0.341054
0.285592
0.466959
0.462066
0.605501
0.328925
0.076591
0.402826
0.109626
0.502460
0.157615
0.042493
0.137192
0.047447
0.278946
0.532354
0.140693
0.998324
0.020140
0.812772
0.561225
0.290816
0.788593
0.867739
0.966580
0.260020
0.244637
0.765385
0.738745
0.151030
0.756710
0.079798
0.436623
0.223669
0.541865
0.042124
0.552594
0.618456
0.444949
0.662220
0.120916
0.602564
0.704713
0.258108
0.650011
0.983659
0.790463
0.790704
0.981983
0.810602
0.603476
0.543209
0.101418
0.392070
0.410948
0.067998
0.652089
0.655585
0.833384
0.390834
0.806616
0.590093
0.470633
0.243238
0.813762
0.012497
0.285362
0.366356
0.630953
0.730311
0.028576
0.751869
0.332875
0.733289
0.009977
0.982886
0.716948
0.800440
0.773590
0.698931
0.611042
0.377066
0.242140
0.712461
0.769136
0.653088
0.780459
0.421226
0.308673
0.613843
0.812060
0.115288
0.203936
0.282693
0.358526
0.017699
0.295190
0.643888
0.384054
0.926143
0.374199
0.412630
0.678012
0.707074
0.145919
0.687990
0.689959
0.862867
0.488430
0.463549
0.561798
0.099472
0.840616
0.803937
0.811933
0.609752
0.457025
0.592392
0.030977
0.765698
0.206235
0.843037
0.880987
0.410171
0.125730
0.239513
0.427869
0.420920
0.883401
0.811924
0.347063
0.257600
0.224554
0.025075
0.964674
0.370473
0.713064
0.654633
0.233340
0.201494
0.118182
0.795137
0.300966
0.958798
0.599075
0.112898
0.568550
0.056100
0.705290
0.599527
0.821798
0.911525
0.442564
0.702785
0.321696
0.568294
0.942298
0.749565
0.989214
0.825699
0.561489
0.336276
0.083299
0.786043
0.361351
0.047973
0.156516
0.074415
0.702606
0.389856
0.275909
0.820788
0.184993
0.576875
0.779586
0.784068
0.689773
0.348136
0.840168
0.395064
0.947663
0.661967
0.306589
0.390227
0.364751
0.628285
0.958521
0.307049
0.377850
0.947735
0.132748
0.939339
0.284011
0.216047
0.725383
0.645362
0.264020
0.881899
0.719777
0.966626
0.271755
0.995686
0.787415
0.456748
0.572561
0.567001
0.240817
0.262334
0.915137
0.080985
0.657397
0.862800
0.742951
0.963986
0.253027
0.107703
0.592270
0.211548
0.414752
0.970120
0.159283
0.547500
0.909460
0.443294
0.763548
0.634842
0.088656
0.027568
0.516741
0.808433
0.994195
0.788496
0.804119
0.781609
0.245245
0.376680
0.348610
0.486061
0.639013
0.263747
0.567046
0.296411
0.126547
0.309997
0.260396
0.379574
0.417700
0.852667
0.591123
0.832452
0.822787
0.750406
0.379952
0.732247
0.193700
0.143500
0.367089
0.282355
0.171068
0.883830
0.090789
0.165262
0.672327
0.894908
0.946872
0.917571
0.271587
0.295482
0.403632
0.910601
0.559229
0.970678
0.207011
0.685776
0.280675
0.467408
0.065351
0.698375
0.320074
0.656473
0.530827
0.142862
0.406879
0.910779
0.875108
0.600579
0.054278
0.242197
0.882934
0.225346
0.126028
0.973723
0.390608
0.798354
0.868630
0.337480
0.715925
0.140217
0.632962
0.119557
0.050818
0.192191
0.090235
0.257829
0.877968
0.370910
0.725237
0.943318
0.069285
0.045311
0.599792
0.600112
0.188173
0.006671
0.510891
0.063281
0.607249
0.565169
0.305478
0.490183
0.790515
0.431506
0.463906
0.181123
0.229860
0.332536
0.518603
0.945786
0.472753
0.151565
0.065343
0.523571
0.343756
0.155578
0.781400
0.221723
0.526488
0.506637
0.165042
0.595774
0.551948
0.764833
0.195886
0.740120
0.771504
0.706776
0.803401
0.378753
0.271945
0.108879
0.868936
0.062460
0.540385
0.332842
0.243583
0.770246
0.665378
0.762185
0.716032
0.138131
0.913750
0.781374
0.661702
0.257506
0.936953
0.443102
0.479229
0.463441
0.949739
0.644271
0.059215
0.501687
0.409105
0.255100
0.241807
0.180609
0.961876
0.045208
0.559362
0.233821
0.154087
0.428298
0.296281
0.694472
0.761140
0.539863
0.464718
0.426519
0.302049
0.180750
0.564650
0.215799
0.962124
0.226352
0.473305
0.899077
0.669455
0.952535
0.362518
0.619194
0.596806
0.421732
0.120880
0.005910
0.676833
0.362687
0.186519
0.638709
0.407894
0.745881
0.872530
0.561981
0.174179
0.168811
0.256454
0.935319
0.708675
0.721172
0.361838
0.010724
0.901921
0.926488
0.226523
0.864045
0.152840
0.699828
0.763122
0.822295
0.652362
0.125640
0.441489
0.249168
0.547372
0.562370
0.255078
0.224205
0.925057
0.441597
0.862914
0.332951
0.187478
0.735444
0.894933
0.361656
0.904255
0.151386
0.296976
0.612930
0.872558
0.658814
0.623653
0.774479
0.585302
0.850176
0.638524
0.738142
0.550004
0.401646
0.560437
0.202366
0.527286
0.001927
0.451534
0.074659
0.564296
0.706612
0.298863
0.489353
0.148209
0.161777
0.822304
0.335687
0.897221
0.717237
0.697343
0.801477
0.868623
0.994319
0.414406
0.741180
0.653132
0.038060
0.515659
0.238434
0.888236
0.154184
0.976576
0.438240
0.555830
0.537013
0.640606
0.083116
0.538940
0.092140
0.157775
0.103236
0.798752
0.456638
0.592589
0.946962
0.618416
0.414893
0.282649
0.515637
0.132130
0.979992
0.317113
0.000752
0.974311
0.731520
0.741933
0.627444
0.769580
0.257592
0.865878
0.657816
0.411775
0.842454
0.096055
0.967605
0.379467
0.736661
0.050722
0.918407
0.828801
0.208497
0.021643
0.627554
0.665135
0.614232
0.574515
0.283551
0.029125
0.857164
0.799187
0.161255
0.837156
0.116301
0.162007
0.811468
0.847821
0.903940
0.438911
0.617400
0.161531
0.304789
0.275216
0.573307
0.147243
0.371271
0.540912
0.526710
0.107933
0.591634
0.445117
0.936734
0.800131
0.466760
0.564288
0.465266
0.080992
0.138803
0.748817
0.110117
0.995968
0.548004
0.271372
0.833124
0.664305
0.433379
0.644592
0.512126
0.337319
0.083503
0.129526
0.498850
0.388292
0.404742
0.072157
0.535535
0.776013
0.613069
0.062245
0.883946
0.204703
0.507362
0.820680
0.004834
0.974122
0.384968
0.470100
0.055114
0.523771
0.218917
0.165231
0.519738
0.766921
0.436603
0.352862
0.431226
0.869982
0.997454
0.943352
0.207300
0.080957
0.072878
0.706150
0.469250
0.477619
0.778307
0.004785
0.253632
0.391376
0.067030
0.137578
0.596079
0.574392
0.958258
0.600913
0.548514
0.343226
0.071014
0.603628
0.866997
0.289931
0.768859
0.386735
0.056852
0.205462
0.739597
0.488078
0.075444
0.737051
0.431429
0.282744
0.818009
0.504307
0.988894
0.287258
0.981926
0.767201
0.292043
0.235559
0.158577
0.359073
0.373137
0.754656
0.933466
0.331395
0.355570
0.481980
0.674621
0.426583
0.085608
0.541618
0.716514
0.854468
0.928353
0.773366
0.059930
0.667950
0.261443
0.135373
0.405001
0.692873
0.418117
0.223010
0.197180
0.407011
0.510268
0.179106
0.174212
0.802312
0.414665
0.332789
0.161385
0.787802
0.087446
0.094851
0.119197
0.443016
0.576831
0.793818
0.869599
0.662439
0.335436
0.586113
0.516906
0.263788
0.359479
0.576836
0.931738
0.620922
0.712209
0.336740
0.313795
0.130327
0.559750
0.510975
0.537338
0.070018
0.690081
0.711550
0.872330
0.104746
0.044340
0.033715
0.892549
0.131786
0.128565
0.011746
0.574801
0.705396
0.805565
0.444400
0.367835
0.141001
0.030514
0.884741
0.404789
0.389992
0.461577
0.336527
0.010915
0.173787
0.673267
0.324710
0.304113
0.233017
0.835685
0.841451
0.303035
0.525766
0.553002
0.175365
0.630512
0.597341
0.209080
0.523061
0.729127
0.337646
0.534807
0.303928
0.043042
0.340372
0.748329
0.410876
0.481372
0.778842
0.295618
0.886161
0.168835
0.757195
0.222689
0.179749
0.930982
0.895956
0.504459
0.235095
0.128973
0.340144
0.076546
0.432008
0.865910
0.629548
0.607374
0.496422
0.226889
0.816454
0.019483
0.956016
0.154100
0.554291
0.259944
0.197141
0.894663
0.008273
0.608017
0.376035
0.787115
0.903635
0.262196
0.955950
0.660830
0.484885
0.135699
0.591812
0.380841
0.640158
0.826907
0.509814
0.980302
0.903453
0.941823
0.846212
0.533001
0.549196
0.342634
0.759890
0.365651
0.362118
0.715907
0.519750
0.916408
0.975851
0.716891
0.811071
0.984124
0.324909
0.187106
0.771240
0.228544
0.449302
0.727189
0.889374
0.934187
0.862889
0.481185
0.315029
0.503047
0.308092
0.824843
0.483349
0.211545
0.766665
0.329561
0.744546
0.315862
0.672195
0.504437
0.681512
0.034313
0.220344
0.201262
0.950721
0.196195
0.918154
0.761792
0.180319
0.243062
0.948898
0.951559
0.471606
0.398200
0.678748
0.360980
0.332387
0.541637
0.842165
0.647416
0.044684
0.150257
0.472259
0.528032
0.361803
0.238924
0.857593
0.106349
0.554786
0.529788
0.610786
0.236298
0.564101
0.831130
0.437560
0.514822
0.027325
0.355714
0.276613
0.207644
0.598776
0.225511
0.159203
0.070382
0.623711
0.837951
0.431362
0.956098
0.379588
0.273527
0.603514
0.424271
0.423784
0.075772
0.952303
0.785586
0.314696
0.809897
0.891935
0.869482
0.339685
0.502721
0.105780
0.903786
0.333851
0.543340
0.418607
0.361176
0.899054
0.695220
0.568820
0.497830
0.920731
0.728022
0.568212
0.544442
0.565973
0.999574
0.500540
0.945561
0.273101
0.104054
0.369832
0.696885
0.179827
0.322135
0.482471
0.494523
0.132032
0.374406
0.364005
0.471716
0.877128
0.469785
0.375502
0.210979
0.013125
0.794109
0.572154
0.912180
0.489329
0.140974
0.410010
0.410061
0.868996
0.978222
0.954503
0.434969
0.977796
0.455044
0.380530
0.250897
0.559098
0.750361
0.947782
0.738925
0.072496
0.430253
0.233448
0.204528
0.804659
0.597453
0.676244
0.681787
0.067238
0.051746
0.892766
0.080364
0.845855
0.464920
0.992543
0.335184
0.605894
0.402553
0.745245
0.474890
0.380776
0.699748
0.909859
0.358572
0.154791
0.290388
0.609469
0.713889
0.040750
0.557251
0.452814
0.113246
0.987504
0.686263
0.317773
0.792163
0.283716
0.994017
0.473950
0.350954
0.045763
0.366716
0.431318
0.891618
0.831635
0.423862
0.226802
0.437529
0.826415
0.972047
0.912419
0.207190
0.671795
0.822278
0.565762
0.826586
0.112666
0.175231
0.540475
0.153415
0.732482
0.993290
0.266661
0.719986
0.679552
0.584434
0.512149
0.963268
0.578452
0.986099
0.314223
0.624215
0.352814
0.745541
0.515832
0.184450
0.169403
0.742634
0.621979
0.995818
0.714681
0.534398
0.203008
0.386475
0.356675
0.768770
0.213061
0.469341
0.944001
0.753537
0.622757
0.676483
0.746827
0.889418
0.396469
0.426379
0.473852
0.908618
0.389647
0.052303
0.894717
0.703870
0.676518
0.247531
0.449412
0.192350
0.431980
0.618814
0.934984
0.053959
0.614632
0.649665
0.588357
0.817640
0.036140
0.945032
0.586410
0.249201
0.414373
0.530411
0.002738
0.037129
0.206895
0.749565
0.926547
0.603364
0.175944
0.400399
0.511982
0.565591
0.452702
0.406699
0.269462
0.129220
0.654230
0.718873
0.321571
0.086210
0.337688
0.256555
0.140169
0.952319
0.906220
0.728526
0.769959
0.942360
0.673558
0.356369
0.191562
0.087930
0.886780
0.194300
0.125060
0.093675
0.943865
0.051607
0.697039
0.119808
0.452006
0.209021
0.685400
0.904708
0.615720
0.954861
0.033928
0.269949
0.673734
0.355499
0.356159
0.011422
0.612054
0.496329
0.963741
0.518274
0.224854
0.733701
0.460634
0.898412
0.090070
0.652196
0.986342
0.976850
0.846496
0.111402
0.070526
0.790360
0.163009
0.767565
0.910168
0.615015
0.976586
0.595568
0.519723
0.592306
0.550429
0.553651
0.862255
0.224164
0.909151
0.218414
0.235586
0.521205
0.714743
0.199327
0.039478
0.939597
0.933028
0.500113
0.838009
0.023098
0.152308
0.824352
0.999948
0.998804
0.935754
0.070474
0.789164
0.098763
0.838039
0.699332
0.713778
0.814625
0.294900
0.233501
0.406930
0.845330
0.787153
0.269185
0.069493
0.696303
0.487600
0.305079
0.217508
0.202342
0.504407
0.256986
0.141940
0.437435
0.757099
0.979949
0.460533
0.909407
0.804301
0.460481
0.908211
0.740055
0.530955
0.697375
0.838818
0.368994
0.396707
0.552596
0.183618
0.691607
0.786098
0.590549
0.536937
0.573250
0.859734
0.606430
0.269554
0.347333
0.911509
0.487062
0.549676
0.415916
0.744048
0.691615
0.853350
0.501147
0.671564
0.313883
0.410554
0.475865
0.774364
0.318765
0.215920
0.305319
0.016139
0.054738
0.674313
0.412846
0.607334
0.857931
0.104453
0.393432
0.448480
0.641390
0.966682
0.308213
0.247820
0.236236
0.655547
0.159329
0.723297
0.205223
0.575245
0.467345
0.896838
0.428595
0.968492
0.568402
0.742478
0.379046
0.044267
0.516842
0.697810
0.260187
0.822160
0.713949
0.314925
0.496473
0.126795
0.922260
0.354404
0.231248
0.315692
0.802884
0.872638
0.282374
0.111097
0.120457
0.518610
0.766644
0.279786
0.241908
0.971866
0.855031
0.709253
0.868704
0.283626
0.677745
0.437107
0.026104
0.056790
0.481374
0.542945
0.754601
0.741562
0.365106
0.468550
0.056487
0.861579
0.595345
0.978747
0.215983
0.826593
0.294439
0.018867
0.699231
0.576813
0.129964
0.819688
0.095423
0.896608
0.099474
0.337330
0.868474
0.954505
0.046583
0.737178
0.238131
0.724328
0.174285
0.264234
0.781119
0.655659
0.807180
0.535719
0.397221
0.172286
0.004269
0.453708
0.033865
0.599614
0.432454
0.249848
0.426207
0.726893
0.268715
0.125438
0.303706
0.398678
0.945125
0.399129
0.295286
0.044599
0.736459
0.163760
0.999104
0.783042
0.900938
0.237235
0.507370
0.075223
0.501469
0.288489
0.730882
0.308649
0.824208
0.128103
0.480934
0.828477
0.581811
0.514799
0.428091
0.014265
0.764647
0.854298
0.741158
0.033362
0.979736
0.044864
0.432040
0.924862
0.443993
0.727326
0.969461
0.180452
0.891086
0.968565
0.963494
0.792025
0.205800
0.470864
0.867248
0.707269
0.759353
0.598130
0.015917
0.583560
0.726233
0.496852
0.412037
0.308044
0.011651
0.840129
0.322309
0.776298
0.694427
0.063468
0.809660
0.674163
0.108332
0.241700
0.599025
0.552325
0.969026
0.568486
0.732776
0.860113
0.537051
0.696270
0.652137
0.742850
0.167134
0.519385
0.450119
0.926486
0.117515
0.466036
0.510047
0.843749
0.962888
0.922084
0.151793
0.974539
0.762213
0.474102
0.750837
0.456640
0.537570
0.560497
0.130803
0.645902
0.802197
0.729828
0.198227
0.771223
0.298314
0.931003
0.631336
0.835364
0.627273
0.283473
0.578214
0.794407
0.802859
0.028333
0.720894
0.920374
0.494369
0.230941
0.764123
0.457257
0.153025
0.915916
0.431796
0.915238
0.390018
0.182633
0.371878
0.927589
0.743130
0.502682
0.573491
0.545327
0.232509
0.771718
0.316550
0.530823
0.702722
0.947886
0.366187
0.329995
0.231360
0.944402
0.124403
0.034218
0.972735
0.845296
0.954592
0.467104
0.076237
0.718715
0.924362
0.229263
0.634631
0.356158
0.144501
0.024650
0.538791
0.516379
0.952238
0.281921
0.019061
0.525730
0.827248
0.251570
0.297448
0.143799
0.782393
0.000169
0.091685
0.148580
0.330165
0.323045
0.092982
0.454567
0.357263
0.065716
0.299864
0.311856
0.532821
0.376101
0.030571
0.457182
0.605363
0.665202
0.813340
0.749864
0.689852
0.352131
0.266243
0.642090
0.634052
0.285304
0.167820
0.461301
0.536874
0.465268
0.605099
0.319268
0.465437
0.696784
0.467848
0.795602
0.019829
0.560830
0.250169
0.377092
0.626546
0.550033
0.688948
0.159367
0.926133
0.719519
0.616549
0.531497
0.384721
0.429889
0.281361
0.074573
0.782020
0.547604
0.716664
0.416072
0.832908
0.884484
0.877373
0.369783
0.349751
0.482472
0.689050
0.815189
0.179256
0.156898
0.610790
0.199085
0.717728
0.860959
0.576178
0.344274
0.410992
0.265125
0.503640
0.337125
0.984644
0.120189
0.868622
0.369365
0.550077
0.149983
0.443938
0.332097
0.697588
0.160602
0.748169
0.530496
0.045086
0.625541
0.900279
0.394837
0.108013
0.589329
0.210026
0.287270
0.746227
0.820816
0.486355
0.463955
0.681776
0.062533
0.808228
0.092768
0.327658
0.311868
0.429893
0.312302
0.432057
0.298515
0.681668
0.982134
0.448498
0.125606
0.314231
0.146086
0.286208
0.062400
0.676582
0.331294
0.687941
0.576861
0.726131
0.795955
0.166190
0.936156
0.083224
0.912417
0.756972
0.569579
0.376372
0.438748
0.632112
0.184600
0.531516
0.959770
0.496469
0.961409
0.272072
0.928526
0.259924
0.953740
0.910660
0.708422
0.079347
0.224892
0.854508
0.365555
0.287292
0.531090
0.696849
0.975233
0.107951
0.422980
0.771188
0.274141
0.359136
0.854412
0.186558
0.116108
0.423991
0.562930
0.554856
0.056103
0.747530
0.086372
0.015873
0.243999
0.047781
0.287945
0.172525
0.307705
0.241685
0.083185
0.016127
0.321032
0.308077
0.870636
0.686587
0.595368
0.401726
0.383436
0.570601
0.509677
0.806415
0.341789
0.783819
0.165551
0.196200
0.970377
0.281659
0.620191
0.533307
0.836515
0.676294
0.280838
0.922887
0.692167
0.524837
0.970668
0.980112
0.697361
0.278373
0.221797
0.780547
0.294500
0.542829
0.088623
0.165135
0.229416
0.683991
0.566862
0.612852
0.254592
0.076539
0.419267
0.596381
0.860358
0.584818
0.792581
0.830735
0.866477
0.412773
0.364042
0.702993
0.089067
0.644879
0.625880
0.781233
0.169716
0.596548
0.761345
0.867077
0.874921
0.983142
0.647624
0.169421
0.525972
0.736247
0.334556
0.755388
0.420239
0.901418
0.368240
0.674831
0.977957
0.787507
0.271212
0.838314
0.372324
0.063793
0.669049
0.238802
0.476566
0.033090
0.941794
0.565632
0.677970
0.567674
0.346866
0.847686
0.164222
0.108211
0.714763
0.039143
0.091353
0.362387
0.208564
0.617325
0.098634
0.543120
0.372712
0.518873
0.444537
0.740952
0.193704
0.422494
0.528459
0.464916
0.260808
0.900783
0.528709
0.929857
0.139585
0.005275
0.962947
0.081379
0.570908
0.640917
0.649053
0.917773
0.488603
0.813276
0.025984
0.203366
0.852419
0.117337
0.565753
0.060982
0.734662
0.664388
0.604102
0.107374
0.183261
0.048639
0.848326
0.376965
0.471133
0.376785
0.841881
0.731941
0.277568
0.370590
0.661798
0.417153
0.375865
0.624745
0.498532
0.946773
0.265662
0.147586
0.864546
0.754265
0.960861
0.890530
0.957631
0.813280
0.007867
0.523384
0.874262
0.742528
0.187772
0.478364
0.849902
0.371033
0.527003
0.698228
0.747997
0.998136
0.075013
0.589878
0.730077
0.352581
0.960468
0.391875
0.769735
0.336333
0.016620
0.268267
0.283105
0.282282
0.415853
0.147651
0.036546
0.376714
0.038181
0.994177
0.189994
0.046047
0.517561
0.064256
0.788575
0.705333
0.542620
0.638477
0.076366
0.069623
0.336706
0.824364
0.067759
0.411719
0.414242
0.797835
0.764300
0.374710
0.189710
0.534035
0.711042
0.206329
0.802301
0.994148
0.488611
0.218154
0.141799
0.525157
0.594868
0.179980
0.519334
0.784861
0.226027
0.036896
0.849117
0.014603
0.742229
0.391737
0.653080
0.818595
0.461359
0.989786
0.642959
0.529118
0.401504
0.057201
0.326953
0.165804
0.431910
0.516663
0.699839
0.142953
0.722993
0.502140
0.137100
0.211604
0.720294
0.278900
0.736761
0.315162
0.458879
0.256095
0.100023
0.684907
0.292991
0.949141
0.699509
0.035221
0.340877
0.352589
0.853816
0.802236
0.342375
0.496775
0.331354
0.743879
0.553976
0.658307
0.909683
0.985886
0.174971
0.609522
0.128838
0.897963
0.111663
0.265939
0.109567
0.831957
0.544838
0.846328
0.147119
0.003718
0.102423
0.247143
0.688625
0.395414
0.196283
0.388134
0.430635
0.537160
0.740723
0.284451
0.339397
0.083098
0.781226
0.670751
0.826977
0.335201
0.329058
0.736661
0.321087
0.504029
0.346183
0.449925
0.401992
0.457846
0.715864
0.511559
0.289803
0.260703
0.357886
0.436922
0.264421
0.460309
0.684064
0.953045
0.855724
0.880348
0.341179
0.286359
0.417508
0.081902
0.570810
0.756905
0.165000
0.352035
0.427656
0.991978
0.687237
0.756714
0.728638
0.008324
0.260743
0.074821
0.458249
0.662735
0.532667
0.174114
0.174294
0.822470
0.434816
0.532180
0.259392
0.699237
0.992489
0.943456
0.652282
0.848213
0.823804
0.993461
0.134572
0.241312
0.075363
0.705382
0.998216
0.240364
0.057417
0.425872
0.232341
0.744654
0.182586
0.960980
0.752978
0.443329
0.035801
0.211227
0.106064
0.568468
0.385341
0.280357
0.390938
0.820157
0.812537
0.650330
0.519394
0.805027
0.593786
0.171676
0.653240
0.417590
0.165137
0.787812
0.658901
0.240500
0.493194
0.657117
0.480864
0.550611
0.082989
0.713206
0.295265
0.265575
0.674185
0.048243
0.708904
0.709987
0.259470
0.814968
0.278455
0.644812
0.095325
0.669394
0.464969
0.907863
0.319723
0.984363
0.712890
0.913509
0.156040
0.366130
0.331099
0.321177
0.153942
0.990000
0.561677
0.647136
0.647118
0.042542
0.197747
0.730107
0.755747
0.493012
0.995683
0.429932
0.541255
0.704587
0.139919
0.800726
0.519555
0.418374
0.445537
0.614880
0.087768
0.910506
0.522743
0.407491
0.894870
0.235633
0.321001
0.050909
0.601763
0.652100
0.372086
0.755705
0.642101
0.933763
0.402841
0.289218
0.976305
0.600589
0.019326
0.732052
0.093601
0.015008
0.161984
0.634857
0.719595
0.301904
0.435583
0.239150
0.720278
0.881120
0.854030
0.808046
0.791626
0.376773
0.215538
0.686496
0.612405
0.536538
0.737405
0.214168
0.188638
0.109491
0.969873
0.830739
0.043255
0.372715
0.119957
0.019560
0.973304
0.139283
0.751612
0.066905
0.154291
0.913596
0.701762
0.873887
0.215500
0.137344
0.113036
0.935778
0.018464
0.967066
0.743824
0.810091
0.343839
0.959362
0.496587
0.956245
0.495900
0.233992
0.170413
0.684539
0.343483
0.140286
0.515278
0.386738
0.513001
0.635235
0.406297
0.486305
0.774518
0.157909
0.553210
0.928810
0.071505
0.254972
0.802696
0.287005
0.392316
0.915733
0.222783
0.410781
0.882799
0.966607
0.220872
0.226638
0.925969
0.717458
0.182882
0.421869
0.951450
0.353295
0.106407
0.294933
0.493582
0.621685
0.681671
0.006583
0.256920
0.087968
0.492888
0.031438
0.245877
0.046098
0.960248
0.317383
0.301070
0.762944
0.604388
0.693386
0.678676
0.827171
0.104167
0.561475
0.793778
0.325039
0.788113
0.719747
0.042497
0.970996
0.141616
0.993947
0.324291
0.248023
0.288880
0.817872
0.869708
0.970551
0.824455
0.126628
0.058520
0.317343
0.158066
0.304397
0.363440
0.118314
0.621780
0.664510
0.881258
0.226167
0.357896
0.559934
0.053338
0.462063
0.121409
0.847116
0.787101
0.909522
0.566863
0.829598
0.880518
0.708479
0.823546
0.204809
0.956502
0.112426
0.022681
0.826210
0.082977
0.847136
0.952838
0.141497
0.164479
0.110905
0.445894
0.527919
0.229219
0.067674
0.192429
0.110476
0.293841
0.550325
0.670410
0.347179
0.012388
0.791819
0.194295
0.799489
0.701342
0.761158
0.629088
0.581860
0.469637
0.452633
0.786669
0.426139
0.565059
0.809350
0.252349
0.648037
0.656486
0.205187
0.789534
0.820965
0.316092
0.235428
0.348885
0.545311
0.303101
0.541314
0.655787
0.596942
0.091639
0.326197
0.944121
0.104027
0.118017
0.138416
0.903517
0.819359
0.899574
0.532605
0.401219
0.369211
0.985238
0.187887
0.795350
0.550297
0.997238
0.047698
0.198334
0.653724
0.252886
0.987868
0.474689
0.568978
0.223296
0.823574
0.114289
0.526397
0.364888
0.770076
0.123339
0.456527
0.096273
0.067461
0.560554
0.214290
0.205877
0.464071
0.033648
0.105451
0.996676
0.434867
0.474662
0.981914
0.622754
0.270012
0.532211
0.619992
0.317710
0.730545
0.273715
0.570596
0.718413
0.748405
0.139574
0.941708
0.571979
0.253863
0.468105
0.936866
0.023939
0.591445
0.393393
0.120211
0.658906
0.953948
0.334501
0.864783
0.418019
0.368149
0.970234
0.414694
0.803016
0.444896
0.396608
0.425770
0.714908
0.928819
0.045761
0.032618
0.659364
0.319477
0.603214
0.377776
0.067881
0.742788
0.319484
0.639860
0.996651
0.787590
0.576726
0.020590
0.379034
0.970119
0.140801
0.037940
0.924067
0.475302
0.902723
0.342086
0.843451
0.872957
0.756780
0.646467
0.317853
0.153388
0.072237
0.032760
0.082206
0.117998
0.065378
0.741570
0.437475
0.668593
0.119346
0.505356
0.411381
0.438830
0.145216
0.408032
0.226420
0.721942
0.428622
0.605454
0.692061
0.569423
0.643394
0.616128
0.044725
0.546117
0.958213
0.888176
0.419074
0.714993
0.534643
0.736926
0.868381
0.606880
0.769687
0.950587
0.724878
0.835065
0.692156
0.162352
0.503658
0.811502
0.667708
0.915039
0.250332
0.812924
0.323070
0.476752
0.534865
0.751692
0.082207
0.226926
0.321115
0.725601
0.843054
0.365840
0.271718
0.801268
0.254016
0.690792
0.516261
0.788659
0.427718
0.384641
0.395539
0.197405
0.335228
0.120417
0.032470
0.027385
0.282769
0.536128
0.838887
0.950477
0.451166
0.089219
0.763401
0.774237
0.565972
0.298266
0.525929
0.648178
0.525193
0.847043
0.373779
0.368247
0.212883
0.645498
0.169515
0.466899
0.336289
0.685776
0.255558
0.764007
0.070417
0.651097
0.961412
0.405645
0.771514
0.993882
0.433030
0.054283
0.530010
0.271917
0.004760
0.981176
0.361136
0.768161
0.755413
0.927108
0.066427
0.281341
0.575286
0.591620
0.128384
0.949066
0.959867
0.341267
0.594563
0.129382
0.808166
0.930853
0.815157
0.063724
0.694860
0.885574
0.714821
0.656272
0.291219
0.486335
0.650154
0.724249
0.540618
0.180164
0.996166
0.545378
0.161340
0.357303
0.313539
0.916753
0.284411
0.379966
0.198094
0.859697
0.971586
0.326478
0.808763
0.931453
0.667745
0.403326
0.060834
0.475912
0.334179
0.875991
0.539636
0.029039
0.761565
0.254457
0.685311
0.052785
0.740792
0.335465
0.777034
0.281410
0.515630
0.773200
0.826788
0.676970
0.130503
0.140326
0.593722
0.414914
0.520292
0.791816
0.274611
0.491878
0.118294
0.083373
0.423330
0.786040
0.486699
0.484165
0.261951
0.820878
0.360156
0.801587
0.849917
0.121721
0.056045
0.535228
0.174506
0.796837
0.870693
0.951540
0.078247
0.386323
0.724741
0.905035
0.063293
0.855244
0.045361
0.657015
0.270157
0.565653
0.448831
0.544768
0.057531
0.567125
0.628141
0.480861
0.353164
0.114841
0.965026
0.615116
0.935719
0.325182
0.416703
0.785636
0.446903
0.472748
0.320864
0.621409
0.269585
0.191557
0.572949
0.347832
0.577880
0.297690
0.252867
0.641172
0.152934
0.298228
0.298187
0.423091
0.863881
0.747018
0.967859
0.921412
0.314143
0.596000
0.402273
0.667307
0.710841
0.367299
0.282423
0.646560
0.692481
0.699126
0.432196
0.139384
0.171874
0.753059
0.760793
0.441459
0.944616
0.333742
0.789291
0.522496
0.631432
0.042158
0.163668
0.784366
0.340386
0.461856
0.207457
0.204267
0.208874
0.175316
0.125679
0.523017
0.771317
0.527952
0.190324
0.482158
0.895251
0.472747
0.128718
0.587732
0.171873
0.560913
0.727116
0.343747
0.313973
0.487909
0.785206
0.258589
0.821651
0.574497
0.781085
0.453083
0.616655
0.944753
0.237450
0.957041
0.406609
0.444907
0.161308
0.615483
0.620223
0.286986
0.138500
0.391540
0.814938
0.328824
0.873697
0.710189
0.801571
0.002415
0.297920
0.973444
0.563329
0.025036
0.317191
0.877301
0.512944
0.102397
0.135890
0.334595
0.676894
0.916975
0.787679
0.293549
0.861728
0.025128
0.250590
0.268337
0.470035
0.411898
0.883820
0.090258
0.698884
0.022320
0.481797
0.513822
0.351144
0.355495
0.224011
0.152715
0.357910
0.521931
0.126159
0.921239
0.546967
0.443351
0.798540
0.059912
0.545748
0.934430
0.394507
0.222643
0.851405
0.182186
0.516192
0.713133
0.207314
0.766782
0.981471
0.677349
0.178680
0.865291
0.767607
0.877564
0.887611
0.249405
0.391386
0.238755
0.604900
0.615396
0.391471
0.962810
0.137328
0.517630
0.884048
0.684295
0.960981
0.682588
0.744206
0.506729
0.617018
0.138714
0.729372
0.468423
0.320900
0.245564
0.181556
0.528214
0.012346
0.163027
0.205563
0.191026
0.028318
0.973171
0.068589
0.915930
0.222576
0.459975
0.154685
0.827475
0.075371
0.546156
0.790285
0.212699
0.063786
0.674333
0.896994
0.024767
0.356921
0.641200
0.531497
0.973939
0.779914
0.260868
0.442362
0.100813
0.506432
0.623919
0.629027
0.518778
0.786946
0.834591
0.709804
0.815264
0.807761
0.778393
0.731194
0.030337
0.238368
0.885879
0.857812
0.313739
0.432035
0.648097
0.526438
0.495822
0.322430
0.423432
0.520589
0.679351
0.064632
0.052085
0.653291
0.844546
0.312954
0.095653
0.945360
0.819386
0.719572
0.574387
0.338164
0.506518
0.408977
0.047968
0.321782
0.216739
0.826361
0.052977
0.247076
0.064729
0.938856
0.104888
0.378469
0.370891
0.752985
0.904907
0.866713
0.075415
0.328339
0.387302
0.754766
0.392971
0.439387
0.408057
0.237518
0.752341
0.503710
0.182877
0.571727
0.223282
0.757264
0.909891
0.729800
0.166241
0.957859
0.051582
0.382980
0.784220
0.104558
0.630056
0.848949
0.043414
0.734943
0.227418
0.414306
0.487928
0.132324
0.281019
0.563343
0.460663
0.668320
0.318109
0.853635
0.107707
0.726166
0.091153
0.860048
0.229876
0.274030
0.431775
0.453157
0.031294
0.341665
0.182957
0.197535
0.299524
0.234539
0.580515
0.083744
0.339097
0.210571
0.932693
0.382511
0.945514
0.160111
0.796817
0.433442
0.292435
0.077836
0.996785
0.753098
0.746156
0.314894
0.606733
0.853863
0.041060
0.697886
0.713911
0.270935
0.971916
0.145686
0.724093
0.003209
0.487352
0.907050
0.200744
0.786876
0.141588
0.781259
0.870620
0.480685
0.991830
0.803313
0.863197
0.937343
0.963423
0.660014
0.370785
0.255858
0.737850
0.367570
0.008957
0.484006
0.682464
0.615690
0.337869
0.723524
0.313576
0.051781
0.994459
0.285491
0.197467
0.718552
0.288700
0.684818
0.625602
0.489444
0.471694
0.767190
0.270703
0.342314
0.247875
0.262533
0.145626
0.111072
0.199876
0.109049
0.771086
0.570662
0.364908
0.508936
0.938232
0.373864
0.992941
0.620696
0.989554
0.330811
0.344220
0.303130
0.382591
0.338679
0.588621
0.580058
0.057231
0.877321
0.264876
0.682833
0.366766
0.736570
0.450023
0.637469
0.078884
0.697899
0.900002
0.224510
0.808971
0.099878
0.333559
0.580056
0.670540
0.698467
0.088992
0.608772
0.072331
0.081933
0.229468
0.061885
0.412744
0.573687
0.365014
0.795335
0.912367
0.953635
0.375393
0.969598
0.830957
0.640269
0.652431
0.197722
0.376839
0.102454
0.835192
0.455723
0.800353
0.735194
0.680232
0.609323
0.835072
0.013792
0.189380
0.505612
0.712258
0.278372
0.114384
0.784589
0.360305
0.343852
0.846474
0.773049
0.917539
0.211488
0.568384
0.829906
0.165123
0.943777
0.799504
0.996080
0.584046
0.451935
0.193803
0.960885
0.554389
0.028994
0.416607
0.354742
0.764188
0.096840
0.964066
0.599260
0.110631
0.153445
0.104872
0.822890
0.431817
0.219256
0.607479
0.792122
0.563108
0.453952
0.565171
0.480646
0.665441
0.133555
0.310552
0.830564
0.077332
0.110056
0.826644
0.661377
0.561990
0.020447
0.622262
0.116380
0.049441
0.038869
0.471122
0.813629
0.135709
0.435187
0.412889
0.246340
0.588633
0.517761
0.069230
0.020450
0.737017
0.676709
0.812572
0.300125
0.130661
0.377744
0.780771
0.796102
0.511299
0.091323
0.626666
0.588630
0.201379
0.453310
0.250008
0.763369
0.473757
0.872270
0.879749
0.523198
0.911139
0.350871
0.336827
0.046848
0.786058
0.749716
0.293189
0.374691
0.267477
0.362419
0.395141
0.004494
0.039127
0.207714
0.304619
0.169789
0.585457
0.085390
0.965890
0.096756
0.176713
0.592556
0.685387
0.378092
0.045866
0.935395
0.141461
0.519623
0.807665
0.021211
0.042821
0.718804
0.372082
0.379647
0.765652
0.158140
0.129363
0.058841
0.532831
0.396839
0.421260
0.927972
0.401333
0.460387
0.135686
0.705952
0.630176
0.721144
0.791342
0.596066
0.817900
0.968055
0.188622
0.503286
0.346147
0.234488
0.438681
0.487608
0.754111
0.246346
0.508819
0.796932
0.965150
0.880900
0.176579
0.730802
0.039040
0.305942
0.789643
0.571871
0.702782
0.210903
0.499844
0.104115
0.671290
0.635530
0.810067
0.301465
0.356673
0.601408
0.897531
0.174573
0.569463
0.086154
0.677860
0.915609
0.320642
0.116541
0.403218
0.074753
0.362886
0.912036
0.871685
0.328036
0.792937
0.048265
0.058838
0.831977
0.354207
0.848481
0.403848
0.056989
0.059383
0.903692
0.161104
0.730673
0.539222
0.971170
0.032139
0.895896
0.572579
0.929670
0.070469
0.142042
0.015824
0.748329
0.057651
0.336466
0.864869
0.460869
0.411219
0.227756
0.372905
0.282904
0.555792
0.165841
0.331169
0.614630
0.997818
0.685376
0.463111
0.401667
0.742365
0.522494
0.305359
0.903469
0.253167
0.844581
0.874639
0.285306
0.740477
0.447218
0.214976
0.810945
0.589259
0.230800
0.559274
0.646911
0.567265
0.424143
0.107779
0.978484
0.651899
0.480684
0.261388
0.207691
0.646526
0.592557
0.822321
0.644344
0.277933
0.285431
0.046011
0.020298
0.807925
0.351370
0.923767
0.061093
0.195951
0.798406
0.346398
0.936427
0.245624
0.561374
0.747373
0.834883
0.792174
0.306646
0.481794
0.359439
0.730790
0.589573
0.337923
0.382688
0.070257
0.599311
0.590379
0.716783
0.191868
0.412700
0.361127
0.469802
0.698131
0.407137
0.490100
0.506056
0.758507
0.413866
0.567149
0.954457
0.212272
0.913547
0.890884
0.457896
0.474921
0.638257
0.292779
0.267095
0.944903
0.774573
0.626534
0.675693
0.364146
0.964457
0.058381
0.434403
0.563768
0.648760
0.151185
0.755636
0.061460
0.512312
0.225438
0.759591
0.919449
0.715537
0.265647
0.677956
0.129404
0.832796
0.632413
0.341676
0.746343
0.523298
0.799572
0.221264
0.161554
0.092351
0.488359
0.106458
0.866924
0.114894
0.782151
0.231070
0.079351
0.840532
0.665472
0.643119
0.489292
0.816658
0.398755
0.550752
0.328969
0.624192
0.310343
0.248419
0.339730
0.575990
0.926374
0.469134
0.408786
0.558788
0.810810
0.155129
0.082085
0.610382
0.376393
0.243639
0.702734
0.864752
0.350097
0.569658
0.979646
0.132248
0.800727
0.058997
0.972780
0.466200
0.702115
0.462072
0.282857
0.100870
0.012824
0.611827
0.725062
0.323168
0.860245
0.064792
0.899158
0.786620
0.533926
0.307944
0.345407
0.344736
0.463073
0.427492
0.955119
0.839466
0.671132
0.657852
0.704218
0.021229
0.227510
0.683864
0.153477
0.028237
0.742861
0.126257
0.494437
0.444976
0.588329
0.777294
0.545846
0.601153
0.389121
0.270908
0.924321
0.249366
0.335700
0.823479
0.035985
0.869626
0.131423
0.381393
0.214362
0.594496
0.808885
0.169481
0.433962
0.480016
0.827333
0.138180
0.501245
0.054843
0.822045
0.654722
0.083080
0.564906
0.780979
0.577517
0.009881
0.369307
0.354811
0.555727
0.970460
0.743931
0.826635
0.894781
0.993297
0.162335
0.718260
0.029283
0.031961
0.849684
0.410675
0.246323
0.444180
0.219560
0.415804
0.878142
0.699576
0.243136
0.016322
0.200822
0.297979
0.838367
0.855544
0.381059
0.403273
0.636522
0.958576
0.413154
0.005830
0.313386
0.968881
0.976290
0.057317
0.795516
0.871071
0.050615
0.957851
0.589331
0.079897
0.989811
0.439015
0.490572
0.236134
0.883195
0.710132
0.651937
0.761337
0.409709
0.895074
0.777659
0.610530
0.193053
0.616026
0.466074
0.574112
0.019299
0.102596
0.532688
0.432453
0.108426
0.846074
0.401335
0.084716
0.903392
0.196851
0.955787
0.954006
0.154701
0.545118
0.033904
0.144512
0.984133
0.524476
0.380646
0.867328
0.234608
0.032584
0.628664
0.644316
0.927657
0.406323
0.254847
0.120711
0.022349
0.720921
0.694823
0.041648
0.823517
0.227511
0.474102
0.931943
0.073586
0.875436
0.016659
0.976978
0.072287
0.972445
0.930984
0.226988
0.517563
0.964888
0.371501
0.501696
0.489363
0.752147
0.369024
0.723971
0.784730
0.997688
0.368288
0.712388
0.404011
0.623134
0.833099
0.426361
0.344055
0.527922
0.468009
0.167572
0.755433
0.942111
0.099515
0.829018
0.817547
0.116174
0.805996
0.889834
0.088619
0.736980
0.116823
0.606182
0.701868
0.488323
0.107879
0.191231
0.240470
0.476903
0.915202
0.025200
0.474591
0.283490
0.737588
0.878602
0.906625
0.570687
0.304963
0.250680
0.098608
0.772973
0.418252
0.854041
0.715084
0.517767
0.683059
0.532631
0.633940
0.489056
0.422466
0.722559
0.226036
0.539288
0.328741
0.927904
0.027611
0.436620
0.119135
0.268081
0.913522
0.034337
0.293282
0.388113
0.317828
0.030870
0.266716
0.224452
0.601556
0.571679
0.475132
0.700165
0.344652
0.893383
0.554206
0.059735
0.411150
0.237265
0.592366
0.045090
0.726321
0.014832
0.767649
0.952357
0.554120
0.096390
0.880260
0.581731
0.533010
0.999395
0.849813
0.446532
0.033732
0.143094
0.834646
0.351560
0.173964
0.101361
0.576012
0.775520
0.673040
0.051144
0.475685
0.017692
0.944527
0.029891
0.077427
0.355677
0.267156
0.669794
0.400768
0.993477
0.684626
0.168417
0.945833
0.238746
0.264807
0.826093
0.820477
0.797817
0.825489
0.670290
0.244349
0.859221
0.813384
0.078995
0.210781
0.987348
0.180356
0.786793
0.762868
0.853396
0.837937
0.238553
0.871088
0.782464
0.268444
0.948516
0.138142
0.535600
0.618309
0.538909
0.529076
0.302935
0.707326
0.474910
0.541681
0.972133
0.301003
0.362158
0.769950
0.126492
0.032448
0.014299
0.985713
0.845832
0.093294
0.196494
0.833180
0.273650
0.983287
0.596048
0.127046
0.821224
0.834600
0.998134
0.603689
0.103044
0.946650
0.741831
0.638644
0.564960
0.280740
0.167720
0.867895
0.988066
0.642630
0.409576
0.960199
0.943633
0.771734
0.730149
0.070125
0.804182
0.744448
0.055838
0.650014
0.837742
0.252332
0.483194
0.111392
0.235619
0.079242
0.238438
0.056843
0.913842
0.236573
0.660532
0.016886
0.183223
0.402362
0.655530
0.748182
0.683102
0.823250
0.616077
0.671169
0.465880
0.025653
0.631368
0.409513
0.797388
0.361517
0.479638
0.601570
0.105965
0.535476
0.251584
0.943707
0.787808
0.734778
0.055099
0.023427
0.814020
0.293538
0.080270
0.727862
0.530110
0.740802
0.744748
0.713333
0.143164
0.400278
0.461516
0.826266
0.223528
0.077593
0.497435
0.689408
0.103246
0.128803
0.098921
0.900634
0.490320
0.578559
0.502204
0.596285
0.114036
0.753788
0.539992
0.901843
0.488567
0.595092
0.925270
0.302587
0.888629
0.005540
0.030449
0.418740
0.746342
0.775197
0.132073
0.889506
0.175475
0.593589
0.715772
0.399004
0.671182
0.213207
0.088412
0.774428
0.342010
0.187333
0.675062
0.832330
0.765893
0.177266
0.428614
0.879928
0.931054
0.968607
0.781771
0.419621
0.563698
0.707042
0.722207
0.452328
0.712582
0.752656
0.871067
0.458924
0.527854
0.003141
0.348429
0.703329
0.596729
0.064202
0.102333
0.267911
0.277409
0.190745
0.042339
0.619419
0.378078
0.717401
0.451748
0.143970
0.894667
0.880363
0.023899
0.825721
0.848970
0.805670
0.245342
0.412668
0.512712
0.967550
0.864996
0.225293
0.720206
0.736063
0.684217
0.248060
0.739204
0.032646
0.951389
0.335933
0.096848
0.053721
0.603844
0.374257
0.244466
0.646183
0.993676
0.622544
0.363585
0.445425
0.766514
0.258252
0.325787
0.790412
0.083973
0.174757
0.596082
0.329315
0.587425
0.108794
0.296865
0.452420
0.334088
0.017071
0.188484
0.018305
0.265130
0.927687
0.050951
0.216519
0.263620
0.147799
0.270240
0.867464
0.522057
0.514706
0.513647
0.515733
0.137249
0.877232
0.961157
0.903763
0.135484
0.286945
0.694176
0.219457
0.461702
0.290258
0.548773
0.049127
0.399052
0.845637
0.501547
0.733140
0.862708
0.690031
0.751444
0.127838
0.617718
0.802395
0.344357
0.881338
0.950195
0.614597
0.748802
0.472251
0.129303
0.262449
0.987984
0.266552
0.139681
0.949141
0.170316
0.275165
0.236086
0.864491
0.494623
0.697788
0.154749
0.043395
0.746915
0.553801
0.889033
0.248462
0.286941
0.751741
0.938492
0.038386
0.879579
0.556210
0.840781
0.223936
0.437548
0.790976
0.838534
0.186350
0.263227
0.967836
0.448799
0.251211
0.234389
0.588480
0.200353
0.404704
0.863646
0.436439
0.269196
0.358269
0.134227
0.423945
0.401664
0.881141
0.977746
0.290696
0.129603
0.264687
0.042437
0.068095
0.303073
0.922016
0.624305
0.143854
0.145952
0.061853
0.934830
0.984486
0.248203
0.198057
0.952322
0.697002
0.449269
0.186711
0.285482
0.649621
0.591416
0.149128
0.086060
0.860611
0.507397
0.220287
0.284556
0.909061
0.101428
0.262302
0.199757
0.231031
0.526990
0.242194
0.299126
0.830063
0.164210
0.923432
0.973917
0.310162
0.985285
0.908747
0.294648
0.233487
0.106804
0.246970
0.930489
0.556073
0.433682
0.215971
0.205694
0.025097
0.365100
0.291754
0.885708
0.872496
0.512041
0.170264
0.781557
0.613470
0.432566
0.981314
0.844501
0.959556
0.223508
0.143628
0.789619
0.387718
0.067059
0.763536
0.697880
0.052344
0.672283
0.992528
0.285831
0.779087
0.239499
0.216320
0.335159
0.673181
0.432291
0.540853
0.698278
0.797391
0.832608
0.583986
0.669887
0.344649
0.754250
0.451444
0.958119
0.186817
0.432759
0.802620
0.146373
0.656267
0.946247
0.935992
0.043985
0.013307
0.699527
0.741865
0.065650
0.371810
0.734393
0.351481
0.150897
0.973892
0.567801
0.486056
0.647073
0.000093
0.026909
0.345351
0.797484
0.859517
0.929337
0.467371
0.204166
0.683587
0.918816
0.162285
0.870404
0.351574
0.964905
0.016777
0.007841
0.911152
0.952769
0.051825
0.924459
0.652296
0.793690
0.990109
0.024106
0.528084
0.341591
0.175003
0.501976
0.909392
0.661059
0.149049
0.909485
0.687968
0.494399
0.706969
0.547485
0.423736
0.174340
0.751651
0.107323
0.093156
0.913936
0.977727
0.444730
0.878841
0.994503
0.452571
0.789994
0.947272
0.504396
0.714453
0.599568
0.298087
0.704562
0.623674
0.826170
0.046153
0.798676
0.328146
0.955545
0.459735
0.477194
0.865030
0.147703
0.971594
0.571999
0.695188
0.395330
0.746339
0.446839
0.502652
0.839495
0.360776
0.480379
0.284225
0.239617
0.474882
0.736796
0.029611
0.422154
0.241192
0.744064
0.021722
0.539279
0.448626
0.645396
0.365449
0.494778
0.444073
0.693595
0.450323
0.903808
0.170789
0.315353
0.051511
0.142383
0.887351
0.746699
0.537712
0.633690
0.193538
0.040365
0.473185
0.554314
0.520744
0.757410
0.793931
0.995626
0.494206
0.823541
0.417780
0.735398
0.567605
0.439503
0.274677
0.016230
0.084899
0.640126
0.511009
0.528971
0.333721
0.961331
0.432779
0.504510
0.276684
0.484289
0.646893
0.164035
0.230988
0.184605
0.797725
0.424526
0.224970
0.270910
0.978839
0.745714
0.028320
0.772770
0.741340
0.522525
0.596311
0.159121
0.257924
0.163916
0.598623
0.532601
0.180147
0.683522
0.172727
0.691156
0.212493
0.506448
0.652487
0.645272
0.010958
0.929171
0.129561
0.657851
0.093206
0.360549
0.842456
0.890931
0.785075
0.067426
0.161841
0.763914
0.813140
0.190161
0.536685
0.554481
0.712686
0.132996
0.713601
0.970610
0.296912
0.312224
0.503210
0.477059
0.995746
0.675937
0.168215
0.208239
0.182385
0.820702
0.853511
0.193343
0.749873
0.983073
0.851194
0.843079
0.343622
0.693650
0.734010
0.128697
0.761077
0.895851
0.892612
0.574217
0.086012
0.429296
0.128698
0.798697
0.562292
0.842299
0.769307
0.859204
0.154523
0.272518
0.336264
0.150269
0.948455
0.504478
0.358509
0.130840
0.325180
0.212020
0.324183
0.075053
0.195093
0.175377
0.918132
0.538715
0.869027
0.652142
0.667412
0.630104
0.547993
0.560024
0.204321
0.634005
0.989320
0.333019
0.432702
0.551612
0.175318
0.202009
0.410816
0.329841
0.474527
0.747080
0.480110
0.422982
0.251558
0.838619
0.553822
0.576739
0.050639
0.878005
0.651792
0.245733
0.053382
0.569924
0.784448
0.922410
0.222066
0.451860
0.552514
0.770059
0.011884
0.756835
0.404063
0.001204
0.089854
0.836765
0.552815
0.265172
0.038775
0.963632
0.595013
0.513302
0.710712
0.075123
0.936283
0.962270
0.913743
0.490105
0.539008
0.964382
0.368111
0.190800
0.210114
0.421493
0.760724
0.994562
0.343903
0.982789
0.446422
0.896417
0.752848
0.458306
0.653252
0.156911
0.459509
0.743106
0.993677
0.012325
0.008278
0.032452
0.975956
0.603291
0.545753
0.686668
0.678415
0.482037
0.648938
0.592157
0.972142
0.187946
0.556539
0.340253
0.378746
0.766654
0.761746
0.139470
0.761216
0.105649
0.122259
0.207638
0.002065
0.875107
0.665943
0.655317
0.032019
0.125452
0.398424
0.025696
0.137777
0.406702
0.058147
0.113734
0.009993
0.603900
0.800402
0.688408
0.085937
0.449340
0.280565
0.058079
0.637286
0.837104
0.398332
0.016033
0.603758
0.160077
0.155503
0.364974
0.265726
0.277762
0.572611
0.267792
0.152869
0.238554
0.923109
0.184888
0.364007
0.321533
0.210584
0.501784
0.728235
0.268731
0.615518
0.738228
0.872631
0.415919
0.426636
0.958568
0.865259
0.707201
0.016647
0.502545
0.544305
0.414979
0.518578
0.148062
0.575056
0.674080
0.513036
0.840782
0.951842
0.085647
0.108574
0.104712
0.324202
0.031683
0.289600
0.688209
0.353216
0.500183
0.189993
0.081450
0.768914
0.805510
0.819678
0.641545
0.221429
0.246314
0.600113
0.086688
0.953514
0.616760
0.589234
0.497819
0.031739
0.107811
0.645881
0.606795
0.781892
0.158917
0.447578
0.733734
0.244564
0.556152
0.838445
0.568766
0.587835
0.128045
0.256974
0.941051
0.628228
0.446967
0.022501
0.397142
0.252477
0.842179
0.038687
0.473907
0.088492
0.638800
0.560595
0.042006
0.255560
0.149829
0.539825
0.287300
0.257640
0.185706
0.894095
0.039532
0.344624
0.341673
0.773265
0.589188
0.897825
0.611711
0.157954
0.485660
0.739756
0.414928
0.426711
0.367984
0.861895
0.449212
0.765126
0.114373
0.291390
0.803812
0.588279
0.379883
0.442613
0.148875
0.421889
0.698173
0.298703
0.961714
0.985473
0.556344
0.147421
0.879568
0.595875
0.492044
0.221241
0.369141
0.081232
0.119066
0.980851
0.239186
0.604726
0.720607
0.654115
0.031437
0.088591
0.516010
0.480648
0.853716
0.630383
0.772039
0.657528
0.218662
0.151921
0.100141
0.367537
0.573810
0.798314
0.666240
0.535524
0.783787
0.222584
0.682945
0.663355
0.818459
0.174989
0.884596
0.187600
0.256221
0.003662
0.168451
0.495408
0.608388
0.889058
0.149522
0.639824
0.977648
0.665532
0.120473
0.831364
0.295915
0.892511
0.488893
0.514577
0.044432
0.589034
0.882114
0.618243
0.387348
0.548355
0.153767
0.171135
0.770938
0.836712
0.834489
0.589398
0.011701
0.719085
0.776997
0.267923
0.722746
0.945448
0.763330
0.331134
0.834506
0.912852
0.970958
0.812154
0.578385
0.091431
0.643518
0.874299
0.983942
0.132411
0.388877
0.028374
0.721445
0.270991
0.646617
0.108793
0.819345
0.800384
0.279927
0.590284
0.637096
0.114416
0.179681
0.648797
0.833501
0.956678
0.916720
0.556247
0.902126
0.680050
0.887380
0.736632
0.592903
0.858338
0.548786
0.171287
0.949769
0.192304
0.045587
0.933711
0.324715
0.434464
0.962085
0.046160
0.705454
0.608702
0.154953
0.524799
0.409086
0.434880
0.115083
0.046182
0.549296
0.294764
0.694980
0.382797
0.251442
0.611700
0.939043
0.153569
0.291750
0.826424
0.890201
0.884653
0.684762
0.438987
0.055941
0.634531
0.631291
0.101528
0.568242
0.956007
0.535991
0.530328
0.002167
0.241445
0.139030
0.157119
0.766245
0.548116
0.591999
0.881327
0.594298
0.141295
0.176091
0.289278
0.524092
0.427534
0.900978
0.463135
0.581102
0.192728
0.289559
0.471303
0.077381
0.974321
0.910290
0.133322
0.608853
0.541581
0.234850
0.177095
0.497588
0.770841
0.707423
0.499754
0.012287
0.846452
0.656874
0.778531
0.394569
0.248873
0.659859
0.988867
0.390168
0.835950
0.278145
0.914260
0.263484
0.179123
0.377395
0.844586
0.371851
0.666954
0.315889
0.449232
0.641275
0.226179
0.582555
0.250127
0.767760
0.817405
0.427222
0.265347
0.588246
0.134645
0.765102
0.600532
0.981097
0.421976
0.379063
0.375666
0.670849
0.038922
0.364533
0.061017
0.874872
0.642678
0.975277
0.138356
0.821800
0.352672
0.982942
0.193651
0.019626
0.298831
0.642884
0.660900
0.525010
0.225438
0.911028
0.292769
0.042843
0.338250
0.558117
0.631088
0.472894
0.323219
0.231621
0.453992
0.745194
0.610684
0.829657
0.416043
0.649606
0.194190
0.477061
0.524479
0.836868
0.452338
0.662835
0.658668
0.805009
0.645777
0.852319
0.824635
0.944608
0.495203
0.485535
0.469617
0.720641
0.396563
0.762387
0.763484
0.734813
0.320503
0.394572
0.207707
0.643722
0.626193
0.661699
0.388917
0.236877
0.491356
0.804960
0.886483
0.685547
0.282021
0.410962
0.522414
0.734358
0.073797
0.181082
0.539368
0.719573
0.033401
0.364003
0.664181
0.528604
0.849538
0.133798
0.249245
0.246101
0.896185
0.012729
0.980914
0.216688
0.407301
0.188621
0.860410
0.033494
0.850320
0.249327
0.270371
0.341676
0.054286
0.156855
0.027223
0.336307
0.567817
0.549637
0.070665
0.641613
0.730719
0.610033
0.361186
0.764121
0.974035
0.025367
0.292725
0.823573
0.159165
0.541970
0.069674
0.055349
0.554699
0.050588
0.272037
0.962000
0.239209
0.132447
0.995494
0.089529
0.381774
0.265866
0.431205
0.436060
0.422720
0.458428
0.772367
0.990537
0.008065
0.843032
0.632150
0.738784
0.453065
0.993336
0.502905
0.427100
0.018703
0.795630
0.250673
0.177868
0.337600
0.320348
0.233217
0.892299
0.370936
0.505255
0.854299
0.610145
0.637702
0.849794
0.699674
0.019475
0.115659
0.130879
0.455536
0.538380
0.589307
0.227903
0.528916
0.597373
0.070935
0.161067
0.336157
0.524000
0.154403
0.839062
0.951100
0.173106
0.634692
0.201773
0.350974
0.972292
0.522121
0.584191
0.864591
0.893057
0.089446
0.718890
0.503202
0.727147
0.568684
0.202876
0.746623
0.684343
0.333755
0.202159
0.222722
0.923063
0.430061
0.751639
0.520435
0.500996
0.912705
0.856592
0.024996
0.067108
0.695654
0.976096
0.240214
0.330346
0.177869
0.591188
0.302637
0.699990
0.175379
0.167228
0.593047
0.264825
0.886118
0.096249
0.991972
0.454801
0.299125
0.738595
0.139144
0.632880
0.940754
0.361867
0.555943
0.370815
0.113505
0.076378
0.871811
0.026211
0.932970
0.896807
0.093319
0.628624
0.872903
0.333533
0.958970
0.050773
0.924721
0.261607
0.750763
0.100100
0.428835
0.343810
0.364925
0.314953
0.440059
0.356898
0.769755
0.739184
0.095493
0.908899
0.372064
0.036247
0.270766
0.928007
0.407062
0.384271
0.004385
0.278874
0.410482
0.937355
0.175681
0.503801
0.565979
0.048585
0.837334
0.524949
0.099357
0.762055
0.786556
0.850120
0.862155
0.215392
0.193929
0.227081
0.530345
0.633988
0.583978
0.300100
0.373172
0.679472
0.208999
0.745236
0.715719
0.479764
0.673242
0.122781
0.864036
0.677627
0.401655
0.274517
0.614982
0.577336
0.778318
0.180961
0.625920
0.615652
0.705909
0.725278
0.377707
0.492465
0.575397
0.239862
0.707857
0.769327
0.466943
0.238202
0.403315
0.050921
0.538302
0.776487
0.730393
0.747301
0.521723
0.446111
0.227065
0.194965
0.568892
0.091101
0.872592
0.970547
0.365618
0.487574
0.547883
0.143936
0.668534
0.173803
0.759588
0.374444
0.899081
0.137295
0.866909
0.474478
0.377157
0.574766
0.243805
0.844100
0.812968
0.647120
0.895021
0.351270
0.423607
0.625414
0.098571
0.945330
0.071525
0.325636
0.140295
0.640417
0.416737
0.012887
0.610964
0.782355
0.500461
0.158847
0.926291
0.168995
0.332650
0.685880
0.543438
0.231731
0.823175
0.410348
0.706209
0.200333
0.985114
0.950014
0.044433
0.798082
0.597134
0.939454
0.149352
0.020741
0.564868
0.247923
0.966071
0.636393
0.573559
0.106366
0.276811
0.990296
0.119253
0.887775
0.772651
0.619713
0.046622
0.698943
0.788708
0.379272
0.384823
0.332146
0.611003
0.207998
0.742494
0.317212
0.408330
0.727608
0.267227
0.452763
0.525690
0.864361
0.392217
0.675042
0.885103
0.957085
0.922965
0.851174
0.593478
0.496524
0.957540
0.870288
0.486821
0.076792
0.758063
0.259472
0.696505
0.804685
0.958415
0.485213
0.183958
0.343237
0.817359
0.794961
0.551235
0.559853
0.112173
0.959565
0.287461
0.379400
0.412328
0.813150
0.243761
0.804545
0.488192
0.128864
0.761629
0.411157
0.980038
0.355107
0.907682
0.937577
0.225395
0.394502
0.014370
0.983459
0.653974
0.710875
0.788144
0.612389
0.196088
0.972101
0.955626
0.013447
0.767062
0.506861
0.573300
0.879236
0.466426
0.860761
0.258636
0.878754
0.673911
0.502397
0.683299
0.162103
0.631261
0.444928
0.573261
0.611299
0.800035
0.480942
0.548876
0.025430
0.875445
0.563246
0.008889
0.529419
0.274121
0.797032
0.141808
0.470208
0.769134
0.097434
0.483655
0.536196
0.604295
0.056955
0.415432
0.070721
0.917716
0.674067
0.949475
0.591627
0.176464
0.632774
0.753730
0.807725
0.077702
0.326991
0.419024
0.877736
0.807934
0.967901
0.903166
0.683378
0.531147
0.912055
0.212797
0.805267
0.709087
0.354605
0.275476
0.478221
0.452039
0.759131
0.014417
0.056335
0.816086
0.429849
0.127056
0.733802
0.103917
0.076531
0.325429
0.280381
0.709305
0.079159
0.088106
0.787007
0.406150
0.507131
0.664743
0.214084
0.475032
0.567910
0.897462
0.006178
0.479964
0.110259
0.811446
0.189052
0.464864
0.086921
0.667273
0.916904
0.846052
0.681690
0.973238
0.662138
0.111539
0.100294
0.395940
0.215456
0.176825
0.721368
0.495837
0.886131
0.800527
0.583944
0.673137
0.206677
0.091074
0.337881
0.420761
0.566106
0.905790
0.318223
0.572284
0.385755
0.428482
0.383730
0.574806
0.893346
0.470651
0.242079
0.810250
0.316703
0.923770
0.783488
0.978841
0.035309
0.883782
0.374781
0.250765
0.060607
0.096149
0.746602
0.946738
0.896676
0.330546
0.619875
0.103353
0.421620
0.957756
0.524114
0.987726
0.863546
0.842337
0.560010
0.249301
0.270819
0.943740
0.824107
0.164165
0.414392
0.066187
0.974414
0.731095
0.989956
0.757902
0.709936
0.025265
0.641684
0.084717
0.276030
0.702291
0.180866
0.022632
0.649029
0.077542
0.353178
0.268905
0.180895
0.774798
0.226661
0.705009
0.762524
0.090208
0.547346
0.322535
0.339509
0.818164
0.266275
0.163616
0.982329
0.680667
0.229803
0.956743
0.411762
0.219759
0.714645
0.121698
0.245024
0.356329
0.206415
0.521054
0.058621
0.387280
0.543687
0.707650
0.464822
0.896864
0.976555
0.645717
0.671662
0.203216
0.350726
0.434186
0.293424
0.898071
0.756721
0.632932
0.716235
0.022996
0.796549
0.698564
0.703663
0.026351
0.655307
0.115425
0.246110
0.369952
0.237122
0.491134
0.726281
0.443537
0.012189
0.784902
0.830817
0.555875
0.492552
0.295639
0.452740
0.469107
0.941356
0.124402
0.672323
0.292082
0.558588
0.965747
0.190153
0.315309
0.598679
0.906388
0.338305
0.395228
0.604951
0.041968
0.421579
0.260258
0.157393
0.667690
0.630210
0.394515
0.158824
0.356491
0.838052
0.171013
0.141393
0.668870
0.726888
0.633945
0.964509
0.179627
0.103052
0.905865
0.304029
0.775375
0.197947
0.862618
0.741122
0.388100
0.177927
0.339802
0.294487
0.516232
0.735030
0.899439
0.558201
0.156609
0.159697
0.715593
0.824299
0.789907
0.110109
0.983123
0.146398
0.948161
0.154135
0.287790
0.617031
0.881023
0.921735
0.581540
0.060651
0.024787
0.487405
0.364680
0.800163
0.685352
0.227298
0.541285
0.073452
0.405225
0.881087
0.367939
0.921457
0.616117
0.267377
0.479658
0.772726
0.427074
0.195251
0.597025
0.216981
0.305360
0.580148
0.363379
0.253521
0.734283
0.651169
0.870551
0.615306
0.572904
0.452091
0.675957
0.597692
0.939496
0.040637
0.397855
0.624848
0.267934
0.939140
0.698300
0.673159
0.820227
0.066239
0.594617
0.436344
0.333616
0.074275
0.209070
0.760691
0.269526
0.806094
0.977672
0.574886
0.386242
0.341050
0.828406
0.120525
0.992219
0.698958
0.735831
0.565123
0.151049
0.411787
0.162815
0.090545
0.452424
0.560670
0.715394
0.720358
0.499809
0.413694
0.393518
0.320036
0.479932
0.988134
0.756380
0.813549
0.062409
0.965449
0.574239
0.331935
0.771544
0.551911
0.906820
0.157786
0.892961
0.735227
0.278310
0.885180
0.434184
0.014141
0.450304
0.585233
0.425929
0.613119
0.675778
0.878353
0.173788
0.391172
0.598711
0.673598
0.804865
0.992229
0.993634
0.284798
0.980363
0.750014
0.098347
0.042772
0.715463
0.672586
0.374707
0.487007
0.224497
0.281528
0.644792
0.117458
0.016754
0.923103
0.002638
0.450939
0.937244
0.452942
0.036172
0.363173
0.066061
0.711950
0.241525
0.239849
0.103122
0.840237
0.913447
0.907987
0.832465
0.907080
0.192785
0.812829
0.657094
0.291132
0.855601
0.372557
0.963718
0.230308
0.859564
0.188215
0.511836
0.504356
0.305673
0.528590
0.427459
0.308311
0.979529
0.364703
0.761253
0.015701
0.727876
0.827314
0.727650
0.969401
0.067163
0.830772
0.809638
0.980609
0.738759
0.642103
0.887690
0.931544
0.454932
0.544784
0.222675
0.310533
0.917341
0.186393
0.540841
0.776904
0.374608
0.052678
0.281260
0.680281
0.581268
0.708719
0.988592
0.560797
0.073423
0.749846
0.576498
0.801299
0.577159
0.304148
0.770700
0.644322
0.134920
0.580338
0.624931
0.873679
0.222441
0.512621
0.805222
0.677373
0.057405
0.027898
0.987907
0.974746
0.214291
0.528748
0.751650
0.588899
0.581426
0.032910
0.269180
0.162694
0.741630
0.257773
0.723490
0.815052
0.007618
0.299988
0.616351
0.584778
0.604136
0.387051
0.229100
0.739056
0.967389
0.854031
0.612734
0.189830
0.366652
0.417957
0.867203
0.424057
0.445855
0.855110
0.398803
0.660146
0.383858
0.150453
0.249045
0.965284
0.183363
0.518225
0.127977
0.924993
0.775998
0.851468
0.740045
0.783617
0.151456
0.356396
0.368394
0.755592
0.743447
0.597494
0.494648
0.710836
0.451525
0.107382
0.900666
0.818178
0.525339
0.767869
0.242235
0.971194
0.622979
0.641038
0.631339
0.006837
0.791491
0.880385
0.972121
0.974854
0.398610
0.100098
0.899847
0.174608
0.951566
0.639892
0.958225
0.103022
0.996289
0.326619
0.858613
0.739736
0.924114
0.353261
0.450572
0.375639
0.460643
0.351238
0.193817
0.985982
0.119107
0.436052
0.957175
0.742087
0.077090
0.588515
0.748924
0.868580
0.468899
0.721045
0.843434
0.867509
0.821143
0.743281
0.042118
0.772709
0.383173
0.000343
0.875731
0.379462
0.326962
0.734344
0.119197
0.251076
0.087605
0.569769
0.626715
0.548248
0.921007
0.820532
0.534229
0.040114
0.256584
0.491404
0.782200
0.333673
0.079919
0.531124
0.202253
0.548819
0.252169
0.045687
0.416328
0.073313
0.788968
0.458446
0.846022
0.172141
0.458788
0.721753
0.551603
0.785750
0.456097
0.670801
0.036826
0.543701
0.240570
0.663541
0.091949
0.161577
0.484073
0.626178
0.201690
0.740657
0.117582
0.983891
0.074330
0.197502
0.515015
0.276584
0.746320
0.767185
0.322271
0.162648
0.840498
0.111240
0.621094
0.686520
0.283381
0.079882
0.408272
0.834984
0.865633
0.864369
0.505785
0.902459
0.408070
0.746355
0.566000
0.500019
0.907931
0.050073
0.126197
0.109622
0.790730
0.243779
0.093512
0.865060
0.441281
0.608528
0.141644
0.187601
0.375713
0.463915
0.350249
0.216210
0.575155
0.971343
0.902730
0.858536
0.051226
0.311002
0.693520
0.916858
0.175370
0.199305
0.819317
0.583440
0.945659
0.385317
0.083459
0.853590
0.435390
0.209655
0.963212
0.226120
0.453434
0.056724
0.091180
0.894715
0.665252
0.232825
0.082316
0.040965
0.696740
0.432565
0.257175
0.271895
0.403908
0.159905
0.130431
0.455134
0.470906
0.823951
0.371992
0.646277
0.023256
0.191309
0.229717
0.968915
0.576626
0.313176
0.822506
0.012015
0.522831
0.785718
0.238135
0.976265
0.842442
0.329316
0.870980
0.507694
0.562140
0.953296
0.548659
0.258880
0.385861
0.805834
0.530775
0.789770
0.965739
0.661206
0.244904
0.436645
0.485157
0.616896
0.082922
0.508413
0.808204
0.312639
0.477328
0.384830
0.625815
0.299834
0.396845
0.148646
0.085552
0.634981
0.124912
0.927994
0.964296
0.995892
0.435688
0.526437
0.949188
0.984347
0.785317
0.335049
0.790181
0.316092
0.124819
0.755920
0.977298
0.369722
0.192566
0.462456
0.986618
0.275488
0.970869
0.794822
0.588127
0.448198
0.179652
0.213942
0.748032
0.576497
0.362589
0.833583
0.211478
0.487501
0.761577
0.175775
0.483393
0.197265
0.702211
0.432581
0.181612
0.487528
0.767630
0.971793
0.803620
0.892449
0.727714
0.780919
0.262171
0.920279
0.243375
0.248789
0.195767
0.214244
0.043611
0.783894
0.662441
0.223264
0.997836
0.410473
0.799761
0.360425
0.244056
0.011239
0.847926
0.005633
0.187014
0.331318
0.202898
0.889225
0.763899
0.384510
0.376753
0.531529
0.356304
0.180373
0.423977
0.084017
0.961292
0.686148
0.004296
0.204667
0.934937
0.200063
0.418911
0.978548
0.983957
0.081352
0.201812
0.981794
0.491825
0.001573
0.342219
0.735881
0.012812
0.190144
0.741514
0.199826
0.521463
0.944413
0.089051
0.285362
0.328923
0.465804
0.816890
0.685226
0.646177
0.240867
0.769244
0.607470
0.927016
0.773540
0.812137
0.861953
0.973603
0.231048
0.840501
0.957560
0.312400
0.042313
0.939353
0.804225
0.043886
0.281572
0.540106
0.056698
0.471717
0.281620
0.256524
0.993179
0.226033
0.345575
0.278541
0.554956
0.811379
0.095431
0.240182
0.457557
0.336299
0.009426
0.065026
0.263314
0.782966
0.877163
0.125267
0.756568
0.108211
0.965768
0.714128
0.420611
0.008082
0.653482
0.224835
0.051968
0.935054
0.764941
0.108666
0.406771
0.046562
0.365191
0.399950
0.272595
0.710766
0.678491
0.827550
0.522145
0.773922
0.067733
0.979702
0.110221
0.077158
0.044728
0.373535
0.860124
0.921891
0.498802
0.616692
0.030102
0.464570
0.330821
0.450712
0.472652
0.984303
0.675548
0.524620
0.919357
0.440489
0.633286
0.326128
0.487051
0.998477
0.726078
0.759646
0.709243
0.404569
0.587196
0.231388
0.178491
0.654928
0.211089
0.288712
0.732087
0.255817
0.662247
0.592211
0.177708
0.161049
0.208903
0.207810
0.625619
0.539724
0.658522
0.098271
0.524027
0.334070
0.622891
0.443384
0.774559
0.256177
0.769512
0.261610
0.254654
0.495590
0.021255
0.963897
0.900159
0.608451
0.195284
0.078650
0.263380
0.406374
0.367362
0.995467
0.662191
0.029608
0.587677
0.839899
0.190657
0.796580
0.047709
0.816276
0.336304
0.706231
0.914547
0.860331
0.040301
0.537437
0.303715
0.814860
0.793614
0.073226
0.076470
0.048268
0.568816
0.097725
0.012165
0.468975
0.706176
0.207449
0.547625
0.969556
0.613823
0.914987
0.965023
0.276014
0.944595
0.552700
0.115913
0.135252
0.349280
0.163622
0.951528
0.685584
0.869853
0.866075
0.545915
0.910154
0.403512
0.849629
0.725014
0.197126
0.922856
0.801483
0.245395
0.491672
0.899208
0.257559
0.960647
0.605385
0.465009
0.508272
0.574941
0.078832
0.423259
0.539964
0.354846
0.367854
0.092664
0.470759
0.503106
0.441944
0.634381
0.454634
0.127528
0.504234
0.320708
0.673442
0.414388
0.724220
0.523072
0.139402
0.921347
0.445928
0.940885
0.166741
0.937600
0.840093
0.424301
0.898247
0.445478
0.889309
0.406519
0.020419
0.968141
0.829778
0.560383
0.322987
0.197632
0.653046
0.793746
0.700738
0.094990
0.428127
0.155371
0.222517
0.932362
0.476080
0.895960
0.346750
0.200300
0.419032
0.486151
0.121647
0.864959
0.427036
0.288388
0.802559
0.267129
0.712689
0.700806
0.712607
0.601998
0.107326
0.733025
0.570139
0.937104
0.293408
0.893126
0.134736
0.946454
0.686873
0.835473
0.041444
0.115000
0.990844
0.263961
0.047362
0.466924
0.159921
0.394112
0.667224
0.578953
0.880263
0.788871
0.443912
0.307299
0.077259
0.246471
0.574428
0.789948
0.947277
0.287034
0.391946
0.054603
0.020060
0.962085
0.991707
0.313468
0.855212
0.126442
0.259922
0.542084
0.961915
0.301366
0.657085
0.952760
0.565327
0.704446
0.419684
0.725248
0.098558
0.086908
0.304201
0.978821
0.875779
0.748113
0.286120
0.953037
0.994584
0.860547
0.742985
0.941862
0.147582
0.134931
0.996465
0.167641
0.097016
0.988171
0.481109
0.952228
0.114614
0.741031
0.494312
0.076529
0.042397
0.151397
0.029289
0.607724
0.855843
0.448973
0.332972
0.954401
0.535880
0.637173
0.933222
0.411659
0.385286
0.219342
0.364696
0.379870
0.079889
0.107681
0.321732
0.227470
0.242612
0.318196
0.395112
0.339628
0.306368
0.876221
0.291856
0.420981
0.617252
0.786168
0.497510
0.659649
0.937565
0.526799
0.267373
0.793408
0.975771
0.600346
0.747809
0.511652
0.237519
0.681032
0.923311
0.622805
0.900373
0.288007
0.002676
0.980262
0.395689
0.324408
0.207733
0.638301
0.642604
0.602844
0.977929
0.948972
0.479065
0.269785
0.369953
0.096317
0.055953
0.867463
0.755966
0.993518
0.394262
0.023339
0.786926
0.370033
0.623685
0.534736
0.881685
0.861204
0.215767
0.804996
0.484009
0.116140
0.093003
0.486685
0.096402
0.488691
0.811093
0.304135
0.126992
0.453697
0.906979
0.104921
0.402669
0.386045
0.374707
0.772622
0.482362
0.430660
0.640085
0.238329
0.424178
0.034347
0.261668
0.211104
0.404380
0.885353
0.745840
0.286065
0.746557
0.961607
0.091061
0.230566
0.077747
0.184064
0.717251
0.174149
0.672755
0.528344
0.478284
0.799747
0.982041
0.385264
0.904669
0.384710
0.771308
0.279376
0.157332
0.253670
0.710036
0.797417
0.491999
0.134213
0.831763
0.753667
0.345318
0.236144
0.639020
0.091157
0.522209
0.385577
0.052764
0.613270
0.616143
0.130511
0.797333
0.333394
0.304661
0.470089
0.861739
0.782945
0.269836
0.843780
0.168208
0.174505
0.228490
0.939517
0.453881
0.385821
0.193187
0.163916
0.183238
0.685186
0.298130
0.015001
0.438853
0.643447
0.251145
0.077873
0.734605
0.773353
0.463449
0.787369
0.386623
0.079592
0.917880
0.183957
0.412987
0.222541
0.654045
0.274726
0.005486
0.923882
0.118505
0.173694
0.098387
0.346995
0.113211
0.552267
0.732816
0.306398
0.716184
0.916054
0.991584
0.014313
0.931055
0.430437
0.657761
0.182200
0.508310
0.392365
0.955553
0.971759
0.179734
0.342176
0.051352
0.097615
0.526133
0.464339
0.320155
0.180178
0.739064
0.325641
0.104060
0.857569
0.499335
0.202446
0.204564
0.612546
0.754714
0.937380
0.918944
0.470897
0.853434
0.910528
0.485210
0.784489
0.340965
0.142971
0.966689
0.849275
0.535336
0.922241
0.821034
0.715071
0.264418
0.872386
0.812685
0.790550
0.336724
0.132841
